0.40999636054039, 0.9429534077644348, 1.2816300021256666e-08, 0.4824306070804596, 0.9614964723587036, -0.07033997774124146, 0.5548570156097412, 0.933594286441803, -0.137547105550766, 0.6069821715354919, 0.9121872782707214, -0.19073081016540527, 0.6435976028442383, 0.901878833770752, -0.24702268838882446, 0.5418977737426758, 0.766237199306488, -0.18710757791996002, 0.5913064479827881, 0.6281149983406067, -0.25172948837280273, 0.6253204345703125, 0.529365062713623, -0.29472848773002625, 0.6542763710021973, 0.4442322552204132, -0.32555651664733887, 0.4728279411792755, 0.7264207601547241, -0.1742164045572281, 0.4868868589401245, 0.5457624197006226, -0.23903058469295502, 0.4956789016723633, 0.41874146461486816, -0.2759742736816406, 0.5007673501968384, 0.3122640550136566, -0.3053807020187378, 0.4002281129360199, 0.7119675874710083, -0.1556919366121292, 0.40932759642601013, 0.5463390350341797, -0.202644482254982, 0.4184074401855469, 0.454544335603714, -0.22227075695991516, 0.4226447343826294, 0.3926577866077423, -0.2388215810060501, 0.33539924025535583, 0.7151492238044739, -0.14121907949447632, 0.3334667980670929, 0.6168753504753113, -0.1654682457447052, 0.33825168013572693, 0.6164934635162354, -0.16955254971981049, 0.33848902583122253, 0.6316550374031067, -0.17754952609539032,super victory
0.4348667860031128, 0.9058126211166382, 5.935771429932402e-09, 0.5527151823043823, 0.8766288161277771, -0.02928437851369381, 0.6532557606697083, 0.7841759920120239, -0.05407791584730148, 0.7257439494132996, 0.7152535915374756, -0.08397314697504044, 0.7931513786315918, 0.6871987581253052, -0.11672531068325043, 0.5701614022254944, 0.5946196913719177, -0.012065502814948559, 0.6036486625671387, 0.47745662927627563, -0.02918066829442978, 0.6317315101623535, 0.3967154026031494, -0.04944945126771927, 0.6586245894432068, 0.3314657509326935, -0.06866056472063065, 0.5000242590904236, 0.5553879141807556, -0.023130489513278008, 0.5080388188362122, 0.4209004342556, -0.027071459218859673, 0.5144064426422119, 0.3184727728366852, -0.050551898777484894, 0.5216982960700989, 0.2291499674320221, -0.07597247511148453, 0.42845219373703003, 0.5510543584823608, -0.03945891186594963, 0.42597779631614685, 0.40758243203163147, -0.04699564725160599, 0.42716148495674133, 0.30545032024383545, -0.07184184342622757, 0.4313938617706299, 0.22711977362632751, -0.09725072979927063, 0.356253445148468, 0.5772552490234375, -0.06054682657122612, 0.3180754780769348, 0.4617091715335846, -0.06651894748210907, 0.2962465286254883, 0.3975805640220642, -0.07646270841360092, 0.27886688709259033, 0.34586939215660095, -0.08963155746459961,super victory
0.4342556893825531, 0.8563072681427002, 7.039395732988396e-09, 0.5657399296760559, 0.8053123950958252, -0.03762757033109665, 0.679949164390564, 0.6855950355529785, -0.06605903059244156, 0.7667708396911621, 0.5976830124855042, -0.10013318061828613, 0.8540340662002563, 0.5668907165527344, -0.1359584778547287, 0.5902115702629089, 0.45527079701423645, -0.01797083392739296, 0.636450469493866, 0.31298598647117615, -0.04413779079914093, 0.6652647852897644, 0.22253969311714172, -0.06956855207681656, 0.6911299824714661, 0.14091214537620544, -0.09093287587165833, 0.5133932828903198, 0.41725677251815796, -0.03230680897831917, 0.5284913778305054, 0.25069746375083923, -0.04489946365356445, 0.5363562703132629, 0.1491294503211975, -0.07284633815288544, 0.5425156950950623, 0.052577316761016846, -0.10063909739255905, 0.43859249353408813, 0.4227248430252075, -0.05493221431970596, 0.4370299279689789, 0.26255300641059875, -0.0723174586892128, 0.43729135394096375, 0.16022974252700806, -0.10504548251628876, 0.43872392177581787, 0.07135748863220215, -0.1334998905658722, 0.3635801672935486, 0.4627913236618042, -0.08356098085641861, 0.31383055448532104, 0.34068766236305237, -0.09796417504549026, 0.28241026401519775, 0.26277148723602295, -0.11660566926002502, 0.2561394274234772, 0.18923458456993103, -0.13485495746135712,super victory
0.44161170721054077, 0.7970167398452759, 1.2026331042136462e-08, 0.5709219574928284, 0.7559612989425659, -0.05118641257286072, 0.6878796815872192, 0.6381016969680786, -0.08623605966567993, 0.7810268402099609, 0.5516183376312256, -0.1255120486021042, 0.8749183416366577, 0.518175482749939, -0.16758646070957184, 0.6053654551506042, 0.3927221894264221, -0.030749373137950897, 0.6580224633216858, 0.2498193383216858, -0.06482890248298645, 0.6861284971237183, 0.15818917751312256, -0.09497314691543579, 0.707631528377533, 0.07870456576347351, -0.11926401406526566, 0.5271394848823547, 0.349952757358551, -0.0449463315308094, 0.5478457808494568, 0.17371517419815063, -0.06888865679502487, 0.555280864238739, 0.06715357303619385, -0.10230511426925659, 0.5588204264640808, -0.026441335678100586, -0.1330898106098175, 0.44948065280914307, 0.354625403881073, -0.06938894093036652, 0.44694751501083374, 0.1865820586681366, -0.09961285442113876, 0.44646820425987244, 0.07640641927719116, -0.13873761892318726, 0.4451484978199005, -0.01711505651473999, -0.17013300955295563, 0.3689841628074646, 0.39716118574142456, -0.10112675279378891, 0.3171030282974243, 0.2730480432510376, -0.12817536294460297, 0.28215840458869934, 0.19457536935806274, -0.15329815447330475, 0.2514806389808655, 0.12164929509162903, -0.17519092559814453,super victory
0.4367431402206421, 0.8097472190856934, 2.051962511018246e-08, 0.5628973245620728, 0.7619572877883911, -0.05523225665092468, 0.6811376810073853, 0.635633111000061, -0.09216279536485672, 0.777144193649292, 0.5457910299301147, -0.13363827764987946, 0.8771541118621826, 0.5182726383209229, -0.17868323624134064, 0.6045939922332764, 0.3898848593235016, -0.02818903513252735, 0.6547110080718994, 0.24734598398208618, -0.06469865888357162, 0.6802237629890442, 0.15265196561813354, -0.0985943078994751, 0.7003514170646667, 0.06749209761619568, -0.12529806792736053, 0.5254707932472229, 0.34773313999176025, -0.04240722209215164, 0.543610692024231, 0.1724640429019928, -0.06847131252288818, 0.5480291843414307, 0.06774598360061646, -0.10583297163248062, 0.5505317449569702, -0.02955448627471924, -0.13953565061092377, 0.44834908843040466, 0.35295093059539795, -0.06781259179115295, 0.44232991337776184, 0.1879275143146515, -0.100470632314682, 0.4386157691478729, 0.08245006203651428, -0.1426413506269455, 0.43492913246154785, -0.01232224702835083, -0.17608432471752167, 0.37028753757476807, 0.39530324935913086, -0.10126852244138718, 0.31971055269241333, 0.27034053206443787, -0.1308995634317398, 0.28441593050956726, 0.19647811353206635, -0.1580781638622284, 0.25345656275749207, 0.12341946363449097, -0.18165023624897003,super victory
0.43735912442207336, 0.7896799445152283, 1.7716127231892642e-08, 0.5721834897994995, 0.7495131492614746, -0.06133924424648285, 0.6939061880111694, 0.6245543956756592, -0.09831944108009338, 0.7926241159439087, 0.533437967300415, -0.14011980593204498, 0.8904286623001099, 0.499275267124176, -0.1841191053390503, 0.6077346205711365, 0.3635175824165344, -0.014340927824378014, 0.660398542881012, 0.21405631303787231, -0.044503580778837204, 0.6878318786621094, 0.1188444197177887, -0.07574734091758728, 0.7106279730796814, 0.03471517562866211, -0.10078289359807968, 0.529293417930603, 0.32050901651382446, -0.023811621591448784, 0.5445700883865356, 0.14464274048805237, -0.040384989231824875, 0.550955057144165, 0.043846070766448975, -0.07408241182565689, 0.5549477934837341, -0.04446285963058472, -0.10490947216749191, 0.45106041431427, 0.32549527287483215, -0.046528637409210205, 0.44202184677124023, 0.15925318002700806, -0.06851257383823395, 0.43955740332603455, 0.0550767183303833, -0.10763739049434662, 0.4364042282104492, -0.03277149796485901, -0.13988426327705383, 0.3720386326313019, 0.3676828145980835, -0.07874101400375366, 0.31757986545562744, 0.24260547757148743, -0.09918192028999329, 0.2807806134223938, 0.16375866532325745, -0.12362447381019592, 0.2485990822315216, 0.08859840035438538, -0.14550019800662994,super victory
0.43870237469673157, 0.789793848991394, 2.3033614127143665e-08, 0.5704398155212402, 0.7444688081741333, -0.06431894749403, 0.6914024949073792, 0.6193268299102783, -0.10482514649629593, 0.7906453609466553, 0.5291452407836914, -0.14956194162368774, 0.892501711845398, 0.49885663390159607, -0.19731132686138153, 0.6090421080589294, 0.3651812672615051, -0.02752622403204441, 0.6601250767707825, 0.21201954782009125, -0.06585336476564407, 0.6854074597358704, 0.1144011914730072, -0.1019170731306076, 0.7047585844993591, 0.02621719241142273, -0.12988030910491943, 0.5294069647789001, 0.32333678007125854, -0.038452036678791046, 0.5424516201019287, 0.14088043570518494, -0.06743906438350677, 0.5427747368812561, 0.03661918640136719, -0.10792176425457001, 0.5415351986885071, -0.05856028199195862, -0.14203499257564545, 0.45150911808013916, 0.3296254277229309, -0.062073174864053726, 0.43653547763824463, 0.16233274340629578, -0.0962778851389885, 0.4223096966743469, 0.06042882800102234, -0.14035435020923615, 0.40994369983673096, -0.03030681610107422, -0.1735515594482422, 0.3735847771167755, 0.3729337155818939, -0.09496670961380005, 0.32310882210731506, 0.24778814613819122, -0.1253947764635086, 0.2870234549045563, 0.17300428450107574, -0.15390296280384064, 0.25559893250465393, 0.09780904650688171, -0.17726320028305054,super victory
0.4437970519065857, 0.7744775414466858, 2.110994934412247e-08, 0.5768346190452576, 0.7332391738891602, -0.06184196472167969, 0.6979668736457825, 0.6136038899421692, -0.09909063577651978, 0.798395574092865, 0.526878833770752, -0.14002639055252075, 0.8996497392654419, 0.49570393562316895, -0.18229374289512634, 0.612984299659729, 0.34975481033325195, -0.017212098464369774, 0.6628592610359192, 0.19812516868114471, -0.04608866572380066, 0.6894952654838562, 0.10318881273269653, -0.0747537761926651, 0.709560215473175, 0.021152764558792114, -0.09744348376989365, 0.5322347283363342, 0.3086734712123871, -0.02446727082133293, 0.5446746945381165, 0.13381758332252502, -0.04125972092151642, 0.5465201139450073, 0.03625363111495972, -0.07095304876565933, 0.5460817813873291, -0.05099564790725708, -0.09764116257429123, 0.4508383274078369, 0.3149346709251404, -0.044391926378011703, 0.43731188774108887, 0.15297403931617737, -0.06606787443161011, 0.42835912108421326, 0.0558171272277832, -0.09873905032873154, 0.4208257794380188, -0.029094606637954712, -0.12531611323356628, 0.368671715259552, 0.3584637939929962, -0.07387921214103699, 0.31357094645500183, 0.23583775758743286, -0.09351634234189987, 0.275310754776001, 0.15912353992462158, -0.11379764974117279, 0.2423221468925476, 0.08247706294059753, -0.1316204071044922,super victory
0.4377409815788269, 0.7824369668960571, 2.2997326709628396e-08, 0.5732014179229736, 0.7374898791313171, -0.06626832485198975, 0.6961777806282043, 0.6155453324317932, -0.10762757062911987, 0.7978998422622681, 0.5290842652320862, -0.1528945118188858, 0.9007109999656677, 0.4975963830947876, -0.20048508048057556, 0.6115913987159729, 0.3511377274990082, -0.024297788739204407, 0.663443922996521, 0.1991206556558609, -0.06098313629627228, 0.6906518936157227, 0.10188326239585876, -0.09632807970046997, 0.7112066745758057, 0.015771448612213135, -0.12343866378068924, 0.5308825969696045, 0.30980002880096436, -0.03355580195784569, 0.5446951985359192, 0.1331014335155487, -0.06052146106958389, 0.5458052158355713, 0.03508785367012024, -0.09871842712163925, 0.5449879169464111, -0.05355870723724365, -0.13067229092121124, 0.4509434103965759, 0.31531018018722534, -0.0560150220990181, 0.43773335218429565, 0.15403366088867188, -0.08679347485303879, 0.4264863431453705, 0.05690285563468933, -0.12750743329524994, 0.41690340638160706, -0.030455589294433594, -0.15883736312389374, 0.3706454038619995, 0.3577272593975067, -0.0883551761507988, 0.31897589564323425, 0.23760679364204407, -0.11524590104818344, 0.28213417530059814, 0.1631336659193039, -0.14160574972629547, 0.2507636547088623, 0.08671054244041443, -0.16382338106632233,super victory
0.434219628572464, 0.7904490828514099, 2.356888906263066e-08, 0.5640384554862976, 0.7503372430801392, -0.07187969237565994, 0.6838587522506714, 0.6232421398162842, -0.11988966166973114, 0.7860405445098877, 0.5329768061637878, -0.16961660981178284, 0.8899022936820984, 0.5039986371994019, -0.22252514958381653, 0.5991993546485901, 0.351797878742218, -0.05711640417575836, 0.6552867889404297, 0.19172154366970062, -0.10255441814661026, 0.6859111189842224, 0.08847591280937195, -0.14047275483608246, 0.7074134349822998, -0.002321302890777588, -0.16966263949871063, 0.5167889595031738, 0.3093861937522888, -0.0663316622376442, 0.5334461331367493, 0.10937291383743286, -0.10175120830535889, 0.534645676612854, -0.01151740550994873, -0.14187324047088623, 0.5324399471282959, -0.1204102635383606, -0.1767113357782364, 0.434431791305542, 0.32076364755630493, -0.08725892752408981, 0.4195844233036041, 0.13794225454330444, -0.1262819617986679, 0.4018023610115051, 0.02190554141998291, -0.16854079067707062, 0.38620004057884216, -0.08091181516647339, -0.20104946196079254, 0.35215047001838684, 0.3738711476325989, -0.11751382052898407, 0.2968056797981262, 0.23874780535697937, -0.15209829807281494, 0.2576539218425751, 0.15597447752952576, -0.1795806884765625, 0.22322943806648254, 0.07384863495826721, -0.20232610404491425,super victory
0.4289315938949585, 0.7893260717391968, 2.14265956088866e-08, 0.5644177794456482, 0.748246967792511, -0.06474347412586212, 0.6845409870147705, 0.6259613037109375, -0.10720530152320862, 0.7836580276489258, 0.5387887954711914, -0.15288083255290985, 0.8832203149795532, 0.5060725808143616, -0.20136599242687225, 0.5983055830001831, 0.35148924589157104, -0.03593697026371956, 0.6528311371803284, 0.20335879921913147, -0.07370433956384659, 0.6836721897125244, 0.10753777623176575, -0.10669880360364914, 0.7052057981491089, 0.026786774396896362, -0.13223828375339508, 0.5167391300201416, 0.30772531032562256, -0.04680117592215538, 0.5340739488601685, 0.11249047517776489, -0.07274163514375687, 0.5364195108413696, -0.006052255630493164, -0.10898829996585846, 0.5357221364974976, -0.10908788442611694, -0.14208002388477325, 0.4354107975959778, 0.31577908992767334, -0.07015547156333923, 0.4267120659351349, 0.1354386806488037, -0.10208415240049362, 0.41606372594833374, 0.021684497594833374, -0.1436218023300171, 0.4069541096687317, -0.0779142677783966, -0.17672987282276154, 0.352816641330719, 0.3656495213508606, -0.10259827971458435, 0.2992159128189087, 0.23574912548065186, -0.13279061019420624, 0.26068881154060364, 0.15374374389648438, -0.1598808467388153, 0.228153258562088, 0.07383126020431519, -0.18314172327518463,super victory
0.421191930770874, 0.8031818866729736, 2.1705551134232337e-08, 0.55723637342453, 0.7634502649307251, -0.06694713979959488, 0.6773436069488525, 0.6375975608825684, -0.11002541333436966, 0.7775912880897522, 0.5454049110412598, -0.15631091594696045, 0.8798595666885376, 0.512504518032074, -0.20549456775188446, 0.5957167148590088, 0.3609273135662079, -0.03218477591872215, 0.6495671272277832, 0.20975063741207123, -0.0678752213716507, 0.6792423725128174, 0.11033833026885986, -0.1003110259771347, 0.7010481357574463, 0.02313646674156189, -0.12595751881599426, 0.5134485363960266, 0.31790226697921753, -0.04266184940934181, 0.5312724709510803, 0.129909485578537, -0.06470470130443573, 0.5356800556182861, 0.016453593969345093, -0.09834764897823334, 0.53761225938797, -0.08378589153289795, -0.13007324934005737, 0.431216299533844, 0.32850295305252075, -0.0663895234465599, 0.42379283905029297, 0.14899000525474548, -0.09585414081811905, 0.4202303886413574, 0.034067749977111816, -0.13651996850967407, 0.4176361560821533, -0.06794542074203491, -0.16975446045398712, 0.347395122051239, 0.3803463280200958, -0.09959825873374939, 0.2909107208251953, 0.24960413575172424, -0.12832802534103394, 0.25355568528175354, 0.1669776290655136, -0.15514616668224335, 0.22333025932312012, 0.08427438139915466, -0.1786777675151825,super victory
0.4167666435241699, 0.8155958652496338, 2.299541890238288e-08, 0.5540346503257751, 0.7692211270332336, -0.0657958835363388, 0.6756970882415771, 0.6367830038070679, -0.10796560347080231, 0.7776166796684265, 0.5451207756996155, -0.15358713269233704, 0.8842613697052002, 0.5178834199905396, -0.20239053666591644, 0.5886619687080383, 0.37170466780662537, -0.03685251995921135, 0.642944872379303, 0.21651390194892883, -0.07635051757097244, 0.6721341013908386, 0.11633318662643433, -0.11148574203252792, 0.6933408379554749, 0.028004735708236694, -0.13874433934688568, 0.5051507353782654, 0.33029240369796753, -0.048041846603155136, 0.5210153460502625, 0.13979306817054749, -0.07698626071214676, 0.5233951210975647, 0.02746272087097168, -0.11494404822587967, 0.5237412452697754, -0.07267755270004272, -0.14844758808612823, 0.4226008355617523, 0.3406994938850403, -0.0717494934797287, 0.4107501804828644, 0.16361036896705627, -0.10627391189336777, 0.4013427793979645, 0.05405262112617493, -0.14876671135425568, 0.3942751884460449, -0.0429362952709198, -0.18186764419078827, 0.33960485458374023, 0.3916756510734558, -0.10476335883140564, 0.2849827706813812, 0.2612156569957733, -0.13655614852905273, 0.24860429763793945, 0.17861613631248474, -0.16495779156684875, 0.21901598572731018, 0.0962238609790802, -0.1888735294342041,super victory
0.4147333800792694, 0.8162410259246826, 2.2681811984170963e-08, 0.5515105128288269, 0.7688369154930115, -0.06874028593301773, 0.6752136945724487, 0.6391891241073608, -0.1117078959941864, 0.777877688407898, 0.5465025305747986, -0.1580781638622284, 0.8850046396255493, 0.5152888298034668, -0.20728693902492523, 0.589080274105072, 0.3742830753326416, -0.03295300900936127, 0.6407524347305298, 0.21923914551734924, -0.07158736884593964, 0.6672061681747437, 0.11818218231201172, -0.1073516383767128, 0.6869378089904785, 0.028477072715759277, -0.13519856333732605, 0.5053784847259521, 0.3315660357475281, -0.04278125241398811, 0.5215859413146973, 0.1444985568523407, -0.06996792554855347, 0.5240672826766968, 0.03461766242980957, -0.1085236445069313, 0.5243757963180542, -0.06357303261756897, -0.14243358373641968, 0.4228212535381317, 0.3397582769393921, -0.06578598916530609, 0.4117725193500519, 0.167239248752594, -0.0983555018901825, 0.40081244707107544, 0.06208130717277527, -0.14026668667793274, 0.39149415493011475, -0.03180935978889465, -0.17317257821559906, 0.3393291234970093, 0.3876379728317261, -0.0986592248082161, 0.2875142991542816, 0.2594040632247925, -0.12896691262722015, 0.251372754573822, 0.18075022101402283, -0.15664047002792358, 0.22050395607948303, 0.10123220086097717, -0.1799710988998413,super victory
0.40860670804977417, 0.8290070295333862, 2.292877887555278e-08, 0.5462413430213928, 0.7831432819366455, -0.06275084614753723, 0.670276939868927, 0.6510008573532104, -0.10168938338756561, 0.773859441280365, 0.5580998659133911, -0.14530135691165924, 0.8826397657394409, 0.530366063117981, -0.1914638727903366, 0.5858405828475952, 0.38160887360572815, -0.020880937576293945, 0.6376565098762512, 0.2256256490945816, -0.054091088473796844, 0.6645386815071106, 0.1250874102115631, -0.0862235277891159, 0.6850651502609253, 0.03680992126464844, -0.11150994151830673, 0.5011592507362366, 0.3399260640144348, -0.03180672228336334, 0.5143170356750488, 0.15491512417793274, -0.052717175334692, 0.5147552490234375, 0.049202412366867065, -0.08690767735242844, 0.5139120221138, -0.04442402720451355, -0.11759672313928604, 0.41727501153945923, 0.3494245111942291, -0.05582919716835022, 0.40535807609558105, 0.17513972520828247, -0.0828997865319252, 0.3981046676635742, 0.07035791873931885, -0.1221536323428154, 0.39336150884628296, -0.020178496837615967, -0.15344659984111786, 0.33262503147125244, 0.39863401651382446, -0.08942437171936035, 0.2776079773902893, 0.2698935866355896, -0.11484373360872269, 0.24043500423431396, 0.1885509192943573, -0.1403859406709671, 0.21068185567855835, 0.10825777053833008, -0.16238589584827423,super victory
0.4061105251312256, 0.8329485654830933, 2.15842259621013e-08, 0.5449705123901367, 0.786160409450531, -0.05974055454134941, 0.6693958640098572, 0.6548320055007935, -0.09777376055717468, 0.7720553874969482, 0.5611680150032043, -0.14124281704425812, 0.8791295289993286, 0.5355067849159241, -0.18769004940986633, 0.5843574404716492, 0.38443151116371155, -0.019173653796315193, 0.638213038444519, 0.22790345549583435, -0.05277901887893677, 0.6638023853302002, 0.12508940696716309, -0.08526988327503204, 0.6818780303001404, 0.035291850566864014, -0.111258365213871, 0.5017170310020447, 0.34089791774749756, -0.032721467316150665, 0.5179993510246277, 0.15027186274528503, -0.05379481613636017, 0.5178664922714233, 0.037737876176834106, -0.08947949856519699, 0.514345645904541, -0.06236696243286133, -0.12196492403745651, 0.4189220070838928, 0.3491477370262146, -0.05906558409333229, 0.41083571314811707, 0.17036163806915283, -0.08776174485683441, 0.4039243459701538, 0.05981817841529846, -0.12920594215393066, 0.3968895673751831, -0.03697308897972107, -0.16218478977680206, 0.3336400091648102, 0.39735984802246094, -0.09458804875612259, 0.2800668776035309, 0.2641196846961975, -0.12173794955015182, 0.24409359693527222, 0.18688496947288513, -0.14784947037696838, 0.21316716074943542, 0.11142691969871521, -0.17032071948051453,super victory
0.40109026432037354, 0.8527817726135254, 2.4119955810419924e-08, 0.537299394607544, 0.807316243648529, -0.07066052407026291, 0.6579693555831909, 0.6769399046897888, -0.11604876071214676, 0.7596156597137451, 0.5844376683235168, -0.16446596384048462, 0.8665653467178345, 0.5547881126403809, -0.21671201288700104, 0.5738791227340698, 0.40273889899253845, -0.040668874979019165, 0.627167284488678, 0.2443319708108902, -0.08011717349290848, 0.6533012390136719, 0.14028751850128174, -0.11627373099327087, 0.6738680601119995, 0.046693652868270874, -0.14489716291427612, 0.4883742928504944, 0.3619271218776703, -0.050925493240356445, 0.5031110644340515, 0.1678793728351593, -0.07696911692619324, 0.5048448443412781, 0.0496942400932312, -0.11564556509256363, 0.5057646036148071, -0.05697736144065857, -0.15125524997711182, 0.4045746326446533, 0.37551289796829224, -0.07411490380764008, 0.39254429936408997, 0.1924111396074295, -0.10817644000053406, 0.386604368686676, 0.07410842180252075, -0.15412402153015137, 0.38358572125434875, -0.03034961223602295, -0.19067397713661194, 0.32119548320770264, 0.43019533157348633, -0.10674271732568741, 0.2642457187175751, 0.2974831759929657, -0.1393028199672699, 0.22867289185523987, 0.2154514044523239, -0.1691899597644806, 0.20092391967773438, 0.13439610600471497, -0.1947086602449417,super victory
0.3963477611541748, 0.8531774878501892, 2.2292287127356758e-08, 0.5324253439903259, 0.8051192760467529, -0.06433527171611786, 0.6588900685310364, 0.6763655543327332, -0.10406550019979477, 0.7641800045967102, 0.5848103761672974, -0.14747145771980286, 0.8708980083465576, 0.5573591589927673, -0.19347621500492096, 0.5711185932159424, 0.41299498081207275, -0.02830176055431366, 0.6252018809318542, 0.2575277090072632, -0.06249898299574852, 0.651170015335083, 0.15538844466209412, -0.09456983208656311, 0.6727569103240967, 0.06254860758781433, -0.12055005878210068, 0.4871843457221985, 0.3681052327156067, -0.038820359855890274, 0.5092290639877319, 0.18028122186660767, -0.05851341784000397, 0.5147508978843689, 0.06492701172828674, -0.09272699803113937, 0.5190615057945251, -0.04038462042808533, -0.12590906023979187, 0.4049031138420105, 0.3775148093700409, -0.062205955386161804, 0.3995070159435272, 0.2059726119041443, -0.08978309482336044, 0.39488914608955383, 0.0985015332698822, -0.13022483885288239, 0.3930913805961609, 0.0015422999858856201, -0.16354140639305115, 0.3220994770526886, 0.4275660812854767, -0.09501863270998001, 0.26683998107910156, 0.30276399850845337, -0.12243715673685074, 0.23062855005264282, 0.2232862263917923, -0.14925934374332428, 0.2024947702884674, 0.14152836799621582, -0.17264291644096375,super victory
0.3967669606208801, 0.8563166856765747, 2.1808682859614237e-08, 0.5316057205200195, 0.8084672689437866, -0.06285380572080612, 0.6563592553138733, 0.6787856221199036, -0.10275495052337646, 0.7601314187049866, 0.5884310603141785, -0.14694243669509888, 0.8654958009719849, 0.5640544891357422, -0.19389788806438446, 0.5724009275436401, 0.41165095567703247, -0.028997115790843964, 0.6263711452484131, 0.2540828585624695, -0.0642876923084259, 0.6528560519218445, 0.15154245495796204, -0.09761731326580048, 0.6745058298110962, 0.05916571617126465, -0.12462310492992401, 0.4885766804218292, 0.3687264919281006, -0.040853351354599, 0.5069237947463989, 0.18001118302345276, -0.06301586329936981, 0.5117962956428528, 0.06716588139533997, -0.09881480038166046, 0.5156816244125366, -0.03566974401473999, -0.13258495926856995, 0.405577152967453, 0.3789191246032715, -0.06517255306243896, 0.39848592877388, 0.20719611644744873, -0.0943046435713768, 0.39543256163597107, 0.10235291719436646, -0.13553354144096375, 0.39470580220222473, 0.008044064044952393, -0.16908152401447296, 0.321400910615921, 0.42977291345596313, -0.09882195293903351, 0.26564449071884155, 0.30359262228012085, -0.12690334022045135, 0.22980237007141113, 0.2253873497247696, -0.15404699742794037, 0.20163396000862122, 0.1450764238834381, -0.17757439613342285,super victory
0.3955826759338379, 0.857363224029541, 2.211389116268947e-08, 0.5306228399276733, 0.8095662593841553, -0.061107367277145386, 0.6570549607276917, 0.6793076992034912, -0.09968852996826172, 0.7621413469314575, 0.5886542201042175, -0.14265018701553345, 0.8675260543823242, 0.5640000700950623, -0.18843428790569305, 0.5697157382965088, 0.41103625297546387, -0.027225974947214127, 0.6241779923439026, 0.2540982961654663, -0.0620293952524662, 0.6512622833251953, 0.15201184153556824, -0.09500959515571594, 0.6731800436973572, 0.0602874755859375, -0.12184876203536987, 0.4869166910648346, 0.36773601174354553, -0.039672985672950745, 0.5071600675582886, 0.17769327759742737, -0.060933660715818405, 0.5122621655464172, 0.06204026937484741, -0.0969526544213295, 0.5151851177215576, -0.04300525784492493, -0.13130353391170502, 0.4047337472438812, 0.3785855174064636, -0.06450454890727997, 0.3972161114215851, 0.2056911587715149, -0.09362737089395523, 0.39083757996559143, 0.09794259071350098, -0.1355060338973999, 0.38652122020721436, 0.001267850399017334, -0.16952699422836304, 0.3212434649467468, 0.43034106492996216, -0.09841516613960266, 0.26663094758987427, 0.3032585084438324, -0.1271093189716339, 0.23154222965240479, 0.22481724619865417, -0.15463753044605255, 0.20315024256706238, 0.1448584794998169, -0.17834776639938354,super victory
0.39874783158302307, 0.85999995470047, 2.166615331589128e-08, 0.5341324210166931, 0.8100394010543823, -0.056632254272699356, 0.6589400172233582, 0.6824089884757996, -0.09526579827070236, 0.7616201639175415, 0.5943947434425354, -0.13872739672660828, 0.8643612861633301, 0.570612370967865, -0.18587835133075714, 0.5704563856124878, 0.4206112027168274, -0.03125748038291931, 0.624258279800415, 0.2643696665763855, -0.06687048077583313, 0.6507318615913391, 0.16092422604560852, -0.09983527660369873, 0.6722592115402222, 0.06772959232330322, -0.12690742313861847, 0.4888661205768585, 0.3769376575946808, -0.0469057634472847, 0.5071783661842346, 0.1821853220462799, -0.06883007287979126, 0.5111483931541443, 0.059936970472335815, -0.1049748882651329, 0.513510525226593, -0.051464468240737915, -0.1403207778930664, 0.40864571928977966, 0.38617104291915894, -0.0739290788769722, 0.40454596281051636, 0.2056748867034912, -0.10439788550138474, 0.4042245149612427, 0.08907729387283325, -0.14812017977237701, 0.4048844277858734, -0.015108346939086914, -0.18419335782527924, 0.3271755874156952, 0.4361645579338074, -0.10911580920219421, 0.27213379740715027, 0.30549681186676025, -0.1387525051832199, 0.23663246631622314, 0.22568215429782867, -0.16691191494464874, 0.2076665163040161, 0.14509645104408264, -0.19196155667304993,super victory
0.49444982409477234, 1.1138370037078857, 9.602690198562414e-09, 0.5759815573692322, 1.0379830598831177, -0.011331550776958466, 0.618803083896637, 0.9004753828048706, -0.05276260897517204, 0.6215450167655945, 0.776201605796814, -0.0857972502708435, 0.6059327721595764, 0.6792346239089966, -0.12294080853462219, 0.6059706807136536, 0.8760614395141602, -0.1826779693365097, 0.653286337852478, 0.7040695548057556, -0.24301208555698395, 0.6757699847221375, 0.5764894485473633, -0.26776912808418274, 0.6884873509407043, 0.4772796332836151, -0.2841331958770752, 0.5325299501419067, 0.8776435256004333, -0.19455517828464508, 0.5357811450958252, 0.6793748140335083, -0.26355600357055664, 0.5379056930541992, 0.5511428713798523, -0.27907273173332214, 0.5415382981300354, 0.45544135570526123, -0.28994056582450867, 0.45779910683631897, 0.8893246054649353, -0.19271522760391235, 0.4433184862136841, 0.6982125639915466, -0.24021711945533752, 0.44658273458480835, 0.5795460343360901, -0.24161575734615326, 0.4528426229953766, 0.4917185604572296, -0.2444770783185959, 0.3914225101470947, 0.9070320725440979, -0.18818695843219757, 0.3660591244697571, 0.7665770649909973, -0.21414867043495178, 0.3570815920829773, 0.6891626119613647, -0.21500340104103088, 0.3538019359111786, 0.6314030885696411, -0.22006653249263763,super victory
0.537543535232544, 1.1565827131271362, 4.628252447957948e-09, 0.45394134521484375, 1.1097787618637085, -0.04021436348557472, 0.39821645617485046, 1.0003751516342163, -0.07919891923666, 0.39693164825439453, 0.897148847579956, -0.11064959317445755, 0.40346816182136536, 0.828899621963501, -0.14912794530391693, 0.39898234605789185, 0.9288806915283203, -0.15056008100509644, 0.3401690721511841, 0.782071053981781, -0.2085966020822525, 0.3073960542678833, 0.6748110055923462, -0.2442820519208908, 0.2860753536224365, 0.5795948505401611, -0.2695176601409912, 0.4673469364643097, 0.8970704078674316, -0.15430554747581482, 0.4407884180545807, 0.7174149751663208, -0.213633731007576, 0.4270079731941223, 0.5926587581634521, -0.2513255774974823, 0.42118388414382935, 0.4914703965187073, -0.2837367653846741, 0.547232449054718, 0.8853522539138794, -0.15234337747097015, 0.5411157608032227, 0.6951531171798706, -0.20273210108280182, 0.5331727862358093, 0.5622193217277527, -0.23706680536270142, 0.5286064147949219, 0.4621974527835846, -0.2654339075088501, 0.6350272297859192, 0.883949875831604, -0.15041911602020264, 0.6658431887626648, 0.7316429615020752, -0.19495809078216553, 0.6869931221008301, 0.617006242275238, -0.22474344074726105, 0.7046235203742981, 0.5227001309394836, -0.2513866424560547,super victory
0.5187575221061707, 1.0817182064056396, -4.74375871917232e-09, 0.6086229681968689, 1.0261075496673584, -0.03410251438617706, 0.6822769641876221, 0.9634560346603394, -0.07507384568452835, 0.7368307709693909, 0.9127482175827026, -0.10950382798910141, 0.7777252197265625, 0.8867691159248352, -0.14393365383148193, 0.632372260093689, 0.7541301250457764, -0.10414054244756699, 0.6684697866439819, 0.5786661505699158, -0.14232267439365387, 0.6901567578315735, 0.4646979868412018, -0.1672765612602234, 0.7031921148300171, 0.3770648241043091, -0.18469208478927612, 0.5464133024215698, 0.7403964996337891, -0.09912905842065811, 0.5515444874763489, 0.5563541650772095, -0.1353527456521988, 0.545091986656189, 0.44591203331947327, -0.15685738623142242, 0.5358234643936157, 0.36275941133499146, -0.17375722527503967, 0.4637676775455475, 0.7598893046379089, -0.09009581804275513, 0.45256930589675903, 0.5947555303573608, -0.11327071487903595, 0.44425809383392334, 0.48944294452667236, -0.12650269269943237, 0.4388172924518585, 0.4073668122291565, -0.13817942142486572, 0.3875531852245331, 0.8033824563026428, -0.08281517773866653, 0.341784805059433, 0.6863189935684204, -0.09584374725818634, 0.31193631887435913, 0.6085152626037598, -0.10211502760648727, 0.28754034638404846, 0.5415323376655579, -0.11015357077121735,super victory
0.5023140907287598, 1.0908161401748657, 1.1954771395039643e-08, 0.6126103401184082, 1.0692452192306519, -0.07723891735076904, 0.7159359455108643, 0.9949884414672852, -0.13814745843410492, 0.7983499765396118, 0.9304472208023071, -0.19242402911186218, 0.8742040991783142, 0.8966633081436157, -0.25092023611068726, 0.6243446469306946, 0.7558642029762268, -0.13532106578350067, 0.6619755029678345, 0.5864282250404358, -0.19377531111240387, 0.6845802664756775, 0.4782652258872986, -0.23390766978263855, 0.7005881667137146, 0.3831222355365753, -0.26426687836647034, 0.5410285592079163, 0.7237394452095032, -0.13525447249412537, 0.5484424233436584, 0.5288527607917786, -0.1860864758491516, 0.5507633686065674, 0.406852126121521, -0.22587065398693085, 0.5456000566482544, 0.3014014959335327, -0.26095083355903625, 0.4620474576950073, 0.7361911535263062, -0.13953125476837158, 0.4520966112613678, 0.5566600561141968, -0.18873783946037292, 0.45147988200187683, 0.4365118741989136, -0.23368921875953674, 0.4481085538864136, 0.33247920870780945, -0.2684830129146576, 0.38667505979537964, 0.7850918173789978, -0.14936459064483643, 0.32870030403137207, 0.643377959728241, -0.19261950254440308, 0.2871980667114258, 0.55084228515625, -0.22556014358997345, 0.2509380877017975, 0.4641225039958954, -0.2532930374145508,super victory
0.4535980224609375, 1.0129189491271973, 7.48919948279081e-09, 0.5900543928146362, 0.9597687125205994, -0.05209634453058243, 0.7077240347862244, 0.835314154624939, -0.09242363274097443, 0.8022879958152771, 0.7370044589042664, -0.13678774237632751, 0.9015642404556274, 0.7081682682037354, -0.1828049123287201, 0.6155514121055603, 0.5648012161254883, -0.041349347680807114, 0.6508384346961975, 0.40037745237350464, -0.07363726943731308, 0.6675724387168884, 0.2886825501918793, -0.10333012044429779, 0.6791430711746216, 0.1911807656288147, -0.12821310758590698, 0.528918981552124, 0.5237581729888916, -0.05342020094394684, 0.5413388609886169, 0.3309725821018219, -0.06907477229833603, 0.5436040163040161, 0.21283268928527832, -0.09865908324718475, 0.5428153872489929, 0.10563141107559204, -0.12870477139949799, 0.4441365897655487, 0.5331323146820068, -0.07420812547206879, 0.43727219104766846, 0.3508569002151489, -0.09308197349309921, 0.4325803518295288, 0.23360764980316162, -0.1277076005935669, 0.42949479818344116, 0.13458174467086792, -0.15863128006458282, 0.35900670289993286, 0.5862091183662415, -0.10218317806720734, 0.29545795917510986, 0.45570769906044006, -0.11808358132839203, 0.256135493516922, 0.37690967321395874, -0.13707859814167023, 0.22329872846603394, 0.30362722277641296, -0.1560266762971878,super victory
0.4343475103378296, 0.946164608001709, 1.7745433567029067e-08, 0.5734895467758179, 0.9017074108123779, -0.05660383775830269, 0.6983188390731812, 0.7805776596069336, -0.0996103584766388, 0.7966904640197754, 0.6844292283058167, -0.14646850526332855, 0.8901033401489258, 0.6397107839584351, -0.19502009451389313, 0.6038067936897278, 0.49976810812950134, -0.043088678270578384, 0.6467824578285217, 0.32706356048583984, -0.07860474288463593, 0.6641882061958313, 0.22063687443733215, -0.10907267034053802, 0.6761558055877686, 0.12830498814582825, -0.13428650796413422, 0.5154048204421997, 0.4608868956565857, -0.056984107941389084, 0.5274555087089539, 0.26391661167144775, -0.07986101508140564, 0.5294920206069946, 0.14837300777435303, -0.11086464673280716, 0.5288906097412109, 0.042140841484069824, -0.14119531214237213, 0.43001022934913635, 0.4749675989151001, -0.08048909902572632, 0.41544198989868164, 0.29491180181503296, -0.10676494240760803, 0.41179975867271423, 0.18437784910202026, -0.14093852043151855, 0.40786486864089966, 0.08982819318771362, -0.170264333486557, 0.3463415503501892, 0.5315422415733337, -0.11211596429347992, 0.2806325852870941, 0.4052273631095886, -0.1338960826396942, 0.23728647828102112, 0.32692232728004456, -0.15445232391357422, 0.19951379299163818, 0.2490341067314148, -0.17352284491062164,super victory
0.4355972409248352, 0.9554446935653687, 2.1995989030187957e-08, 0.5727068781852722, 0.8988515734672546, -0.05678706616163254, 0.6969304084777832, 0.7725610733032227, -0.10000710934400558, 0.7970657348632812, 0.6759849786758423, -0.14789295196533203, 0.897383451461792, 0.6320403218269348, -0.19824349880218506, 0.5975662469863892, 0.4940156042575836, -0.03721526265144348, 0.6428927183151245, 0.32265955209732056, -0.071757972240448, 0.6640931963920593, 0.2156316637992859, -0.10220653563737869, 0.6810511350631714, 0.11985930800437927, -0.12738299369812012, 0.5088372230529785, 0.4578491449356079, -0.05234433710575104, 0.5221474170684814, 0.25750482082366943, -0.07247067987918854, 0.5261924862861633, 0.14124846458435059, -0.10246826708316803, 0.5281783938407898, 0.03200000524520874, -0.1326996088027954, 0.4248652458190918, 0.4746919274330139, -0.07798147946596146, 0.4152563512325287, 0.291646271944046, -0.10259633511304855, 0.4162015914916992, 0.18046614527702332, -0.13659805059432983, 0.4172280430793762, 0.08089739084243774, -0.16649362444877625, 0.3432915210723877, 0.5324310660362244, -0.11224508285522461, 0.2824818789958954, 0.4010278582572937, -0.13476458191871643, 0.24226507544517517, 0.316995233297348, -0.1559779942035675, 0.20900055766105652, 0.23081442713737488, -0.175972118973732,super victory
0.4289041757583618, 0.9079324007034302, 2.0099676589779847e-08, 0.5665791630744934, 0.8566035032272339, -0.05690029263496399, 0.6933000683784485, 0.7269643545150757, -0.09927448630332947, 0.7958901524543762, 0.6323950290679932, -0.14604847133159637, 0.8960334658622742, 0.5985132455825806, -0.19536416232585907, 0.5954535603523254, 0.4452524781227112, -0.04285384342074394, 0.6412304043769836, 0.27072659134864807, -0.07890564203262329, 0.6611689329147339, 0.1621861755847931, -0.1109999269247055, 0.6763730049133301, 0.06849819421768188, -0.13750511407852173, 0.5058030486106873, 0.4067299962043762, -0.057479262351989746, 0.5150695443153381, 0.20869973301887512, -0.0792747288942337, 0.5164204835891724, 0.09400475025177002, -0.11107990890741348, 0.516699492931366, -0.010657131671905518, -0.14279070496559143, 0.4197749197483063, 0.4219701290130615, -0.08193154633045197, 0.40056294202804565, 0.2429124116897583, -0.10768163949251175, 0.3932480812072754, 0.13075318932533264, -0.1435186117887497, 0.38839393854141235, 0.03429502248764038, -0.17490969598293304, 0.33675992488861084, 0.4798313081264496, -0.11476949602365494, 0.2717076539993286, 0.35465195775032043, -0.13653506338596344, 0.22956544160842896, 0.27928414940834045, -0.1578444391489029, 0.1930367350578308, 0.20584416389465332, -0.17819079756736755,super victory
0.4270136058330536, 0.9150348901748657, 2.3970935458805798e-08, 0.5660187005996704, 0.8567453026771545, -0.061242349445819855, 0.6911954283714294, 0.7245786190032959, -0.10585658997297287, 0.791942834854126, 0.6291730999946594, -0.154563769698143, 0.8929318785667419, 0.5945374369621277, -0.20635667443275452, 0.5920391082763672, 0.44770514965057373, -0.04360556975007057, 0.639262318611145, 0.2739972472190857, -0.08094004541635513, 0.6607633829116821, 0.16299909353256226, -0.11366292089223862, 0.677307665348053, 0.06570833921432495, -0.14027081429958344, 0.5012662410736084, 0.4107382595539093, -0.057644352316856384, 0.5121521353721619, 0.20404267311096191, -0.08016745001077652, 0.5126928091049194, 0.08234831690788269, -0.11266083270311356, 0.512150228023529, -0.028402268886566162, -0.14493238925933838, 0.41610246896743774, 0.42741674184799194, -0.08251330256462097, 0.4015738368034363, 0.2397940754890442, -0.10993074625730515, 0.397081196308136, 0.12390899658203125, -0.14742189645767212, 0.39467713236808777, 0.021310389041900635, -0.17974276840686798, 0.3343236744403839, 0.48524609208106995, -0.11640895158052444, 0.27207544445991516, 0.35593074560165405, -0.14129874110221863, 0.23119530081748962, 0.2755395770072937, -0.1647551953792572, 0.19795724749565125, 0.19391882419586182, -0.1865336298942566,super victory
0.4189172089099884, 0.8840125203132629, 1.9792979699673197e-08, 0.5586891770362854, 0.8338029384613037, -0.0672835111618042, 0.6834402680397034, 0.6990073919296265, -0.11124777793884277, 0.7869966626167297, 0.6030594706535339, -0.15869344770908356, 0.8916508555412292, 0.5737166404724121, -0.209245964884758, 0.5903891324996948, 0.40963318943977356, -0.04209785535931587, 0.6367998719215393, 0.23712533712387085, -0.07935940474271774, 0.6586442589759827, 0.12664371728897095, -0.11379113793373108, 0.6755281090736389, 0.03204840421676636, -0.141647070646286, 0.5017971396446228, 0.37168967723846436, -0.05322117358446121, 0.5102731585502625, 0.16769880056381226, -0.07543087750673294, 0.5112307667732239, 0.04632365703582764, -0.11089091747999191, 0.5117905735969543, -0.06018465757369995, -0.144926518201828, 0.4159472584724426, 0.3877994418144226, -0.07629232108592987, 0.40051811933517456, 0.19992280006408691, -0.10410464555025101, 0.39568662643432617, 0.08309772610664368, -0.14565876126289368, 0.3933657705783844, -0.016803264617919922, -0.18050043284893036, 0.3321358561515808, 0.4476111829280853, -0.10891405493021011, 0.272899866104126, 0.3161647319793701, -0.13471272587776184, 0.23458945751190186, 0.23827549815177917, -0.16068010032176971, 0.202478289604187, 0.16309869289398193, -0.18409781157970428,super victory
0.42117780447006226, 0.8790692090988159, 2.248065200660676e-08, 0.5609109997749329, 0.8285272717475891, -0.07052838802337646, 0.6868278384208679, 0.6968709826469421, -0.11770813912153244, 0.791658341884613, 0.6005828976631165, -0.16747109591960907, 0.8969577550888062, 0.5616780519485474, -0.22034341096878052, 0.5900505185127258, 0.41530734300613403, -0.046159517019987106, 0.6364197731018066, 0.24284006655216217, -0.08467544615268707, 0.6574579477310181, 0.13193565607070923, -0.1188083216547966, 0.67338627576828, 0.03452137112617493, -0.1466520130634308, 0.5003333687782288, 0.37672558426856995, -0.056078165769577026, 0.5154594779014587, 0.168472021818161, -0.08011993020772934, 0.5170673727989197, 0.04042139649391174, -0.11599166691303253, 0.5163449645042419, -0.07354751229286194, -0.15082800388336182, 0.41373318433761597, 0.39399513602256775, -0.07826586812734604, 0.40238580107688904, 0.20479801297187805, -0.10941115766763687, 0.39647918939590454, 0.08639886975288391, -0.15179313719272614, 0.39231324195861816, -0.018128126859664917, -0.18675798177719116, 0.32869386672973633, 0.45456424355506897, -0.10998529195785522, 0.26910439133644104, 0.3232429623603821, -0.14027588069438934, 0.2321203351020813, 0.24193492531776428, -0.16813074052333832, 0.20253288745880127, 0.15932750701904297, -0.192383274435997,super victory
0.41637539863586426, 0.871950626373291, 2.1604376954087456e-08, 0.5544081926345825, 0.8232333064079285, -0.07274584472179413, 0.6816385984420776, 0.6887613534927368, -0.11885811388492584, 0.7875667810440063, 0.5916225910186768, -0.16758927702903748, 0.8964959383010864, 0.5615423321723938, -0.21866752207279205, 0.5903842449188232, 0.4040525555610657, -0.040494903922080994, 0.6384401917457581, 0.234593465924263, -0.0787530466914177, 0.6600016355514526, 0.1256900131702423, -0.11251980066299438, 0.6741193532943726, 0.03276050090789795, -0.13921336829662323, 0.5019733905792236, 0.3638773560523987, -0.049303214997053146, 0.5178619623184204, 0.16470906138420105, -0.07517815381288528, 0.5174673199653625, 0.04915592074394226, -0.11033401638269424, 0.5150999426841736, -0.05267706513404846, -0.1422736644744873, 0.4151582717895508, 0.3772757649421692, -0.07128700613975525, 0.407406747341156, 0.1960201859474182, -0.1043223962187767, 0.4015878438949585, 0.08487468957901001, -0.1446438580751419, 0.39748772978782654, -0.01329946517944336, -0.17636102437973022, 0.327045738697052, 0.4319375455379486, -0.10347592085599899, 0.2716226875782013, 0.3031444847583771, -0.13383977115154266, 0.2357635498046875, 0.22582577168941498, -0.160393625497818, 0.2070625126361847, 0.1477198302745819, -0.18280629813671112,super victory
0.41484132409095764, 0.8718308806419373, 2.3596328446728876e-08, 0.5557905435562134, 0.8247399926185608, -0.07185773551464081, 0.6826639771461487, 0.6911352872848511, -0.11796444654464722, 0.7885981202125549, 0.5939905047416687, -0.16648706793785095, 0.8970023393630981, 0.5623393654823303, -0.21809892356395721, 0.5891838073730469, 0.4068088233470917, -0.046589188277721405, 0.6386705040931702, 0.23377202451229095, -0.0869981050491333, 0.6620833277702332, 0.12131571769714355, -0.12285158038139343, 0.6793333888053894, 0.02313748002052307, -0.15145717561244965, 0.5004118084907532, 0.36597827076911926, -0.055706679821014404, 0.5160925388336182, 0.15839311480522156, -0.08356966823339462, 0.5178464651107788, 0.031503885984420776, -0.12166890501976013, 0.5172939300537109, -0.0786571204662323, -0.15692384541034698, 0.413987398147583, 0.3814406394958496, -0.0772789716720581, 0.40012648701667786, 0.19333291053771973, -0.11275381594896317, 0.38745418190956116, 0.07814550399780273, -0.15635652840137482, 0.37708580493927, -0.022281348705291748, -0.1905132234096527, 0.3284268379211426, 0.43939077854156494, -0.10859529674053192, 0.26974743604660034, 0.3102957606315613, -0.14207684993743896, 0.23205161094665527, 0.23038804531097412, -0.17112207412719727, 0.2002658247947693, 0.14925572276115417, -0.19524547457695007,super victory
0.4142964482307434, 0.8725600242614746, 2.3987055897123355e-08, 0.5541006922721863, 0.8256032466888428, -0.07388245314359665, 0.6810455918312073, 0.689872145652771, -0.1206989586353302, 0.7884159088134766, 0.5933962464332581, -0.16951723396778107, 0.8977503776550293, 0.563019871711731, -0.22147956490516663, 0.5891517996788025, 0.40670984983444214, -0.04903746396303177, 0.6398031711578369, 0.23319922387599945, -0.0904366746544838, 0.6636186838150024, 0.12084406614303589, -0.126723051071167, 0.6808538436889648, 0.02312120795249939, -0.15539714694023132, 0.5003435611724854, 0.3661312460899353, -0.057288262993097305, 0.5154474377632141, 0.15939772129058838, -0.08661964535713196, 0.5163198113441467, 0.035160183906555176, -0.12467939406633377, 0.5149017572402954, -0.07350552082061768, -0.15932966768741608, 0.4139981269836426, 0.38097068667411804, -0.07820364832878113, 0.3999859690666199, 0.1923331618309021, -0.11469516158103943, 0.38978371024131775, 0.07550030946731567, -0.15900084376335144, 0.38143080472946167, -0.027339518070220947, -0.19347184896469116, 0.32860979437828064, 0.43864625692367554, -0.10898108780384064, 0.2687689960002899, 0.30881595611572266, -0.14274680614471436, 0.2300390899181366, 0.22722305357456207, -0.17242707312107086, 0.19755113124847412, 0.14390036463737488, -0.19716320931911469,super victory
0.4149080514907837, 0.8867901563644409, 2.41068125461652e-08, 0.5534005165100098, 0.8374462127685547, -0.07462188601493835, 0.6790812611579895, 0.7040383815765381, -0.1218915581703186, 0.7847927808761597, 0.6064810752868652, -0.1713840365409851, 0.8940173387527466, 0.5716999173164368, -0.22346550226211548, 0.5902277827262878, 0.4157123863697052, -0.04529527202248573, 0.6407049298286438, 0.24206095933914185, -0.08474374562501907, 0.6637053489685059, 0.13140597939491272, -0.11983051896095276, 0.6821077466011047, 0.03395715355873108, -0.14759816229343414, 0.500963568687439, 0.3758052587509155, -0.053332626819610596, 0.5182714462280273, 0.17747125029563904, -0.07958719879388809, 0.5209473967552185, 0.06193581223487854, -0.11492818593978882, 0.5230562686920166, -0.04138222336769104, -0.14740297198295593, 0.4143471419811249, 0.39086228609085083, -0.07444965094327927, 0.4054020643234253, 0.20882245898246765, -0.10619760304689407, 0.40084540843963623, 0.09938737750053406, -0.14645929634571075, 0.39905667304992676, 0.0029334425926208496, -0.1789499670267105, 0.3290456533432007, 0.4477047026157379, -0.10596290975809097, 0.2710469365119934, 0.31973540782928467, -0.13577651977539062, 0.23381808400154114, 0.2351241260766983, -0.1633962094783783, 0.20525780320167542, 0.14862969517707825, -0.18702180683612823,super victory
0.41489672660827637, 0.8848756551742554, 2.2479957451082555e-08, 0.5537753105163574, 0.8362736701965332, -0.0703364685177803, 0.6811723113059998, 0.7034577131271362, -0.11511015892028809, 0.7866443395614624, 0.6056692004203796, -0.16266362369060516, 0.8918334245681763, 0.5688208937644958, -0.2130848616361618, 0.5881202220916748, 0.4169928729534149, -0.040195904672145844, 0.6388297080993652, 0.2474130094051361, -0.07775820046663284, 0.6625816822052002, 0.13703474402427673, -0.11191465705633163, 0.6811626553535461, 0.03979521989822388, -0.13954444229602814, 0.5007452964782715, 0.3757052421569824, -0.04951360076665878, 0.520427942276001, 0.17339017987251282, -0.07220897078514099, 0.5245154500007629, 0.049770087003707886, -0.10776681452989578, 0.526338517665863, -0.061412304639816284, -0.1418807953596115, 0.4152143597602844, 0.38993239402770996, -0.07153771072626114, 0.4079248011112213, 0.20465677976608276, -0.10165216028690338, 0.40162914991378784, 0.08851924538612366, -0.1432061791419983, 0.39705032110214233, -0.015332579612731934, -0.17725993692874908, 0.3299131691455841, 0.446898877620697, -0.10339587926864624, 0.27350762486457825, 0.31578904390335083, -0.13274772465229034, 0.23620444536209106, 0.23466846346855164, -0.15992741286754608, 0.2055211067199707, 0.15187662839889526, -0.18339385092258453,super victory
0.415569007396698, 0.890377402305603, 2.1277658746043926e-08, 0.5527570247650146, 0.8480699062347412, -0.07956473529338837, 0.6774572134017944, 0.7215098738670349, -0.13209785521030426, 0.782579779624939, 0.626268208026886, -0.1855384260416031, 0.8871570229530334, 0.5855197906494141, -0.24272514879703522, 0.5893030166625977, 0.42657366394996643, -0.06235480681061745, 0.6404988765716553, 0.2549724578857422, -0.10689416527748108, 0.6630942821502686, 0.14409351348876953, -0.1447611153125763, 0.6801549196243286, 0.04621639847755432, -0.17494867742061615, 0.4999220669269562, 0.38695627450942993, -0.07053529471158981, 0.5190978050231934, 0.18049824237823486, -0.1018904596567154, 0.5229163765907288, 0.055708736181259155, -0.14128854870796204, 0.524848222732544, -0.055191755294799805, -0.17804430425167084, 0.41350221633911133, 0.4047653079032898, -0.09138473868370056, 0.4078418016433716, 0.213782399892807, -0.13039661943912506, 0.4077213704586029, 0.09331431984901428, -0.17740465700626373, 0.40862882137298584, -0.01209309697151184, -0.214822918176651, 0.3281126022338867, 0.4664331078529358, -0.12205258756875992, 0.2702706456184387, 0.3336438536643982, -0.15940696001052856, 0.23412233591079712, 0.2500659227371216, -0.19166085124015808, 0.20620757341384888, 0.1660946011543274, -0.2188083976507187,super victory
0.415829598903656, 0.8905949592590332, 2.1584455112133583e-08, 0.5548319220542908, 0.8473193645477295, -0.07851474732160568, 0.6808369755744934, 0.7223342657089233, -0.1297331154346466, 0.7858819961547852, 0.6274223923683167, -0.18195530772209167, 0.8878439664840698, 0.5842610001564026, -0.2376074492931366, 0.5895499587059021, 0.42832136154174805, -0.05785124748945236, 0.6403869390487671, 0.25675109028816223, -0.10097792744636536, 0.6630443930625916, 0.1459045708179474, -0.13811767101287842, 0.6799799799919128, 0.04768651723861694, -0.167726069688797, 0.5009499788284302, 0.38758766651153564, -0.06535034626722336, 0.5201935172080994, 0.18157032132148743, -0.09488846361637115, 0.5231971740722656, 0.055975914001464844, -0.13374677300453186, 0.5236510634422302, -0.056404054164886475, -0.17007914185523987, 0.4147208631038666, 0.40391793847084045, -0.08554863929748535, 0.40797775983810425, 0.21395209431648254, -0.12291175127029419, 0.40494224429130554, 0.09391233325004578, -0.16896307468414307, 0.40316927433013916, -0.011722385883331299, -0.20560100674629211, 0.32894307374954224, 0.4641353189945221, -0.11561223119497299, 0.27152490615844727, 0.33094191551208496, -0.151199609041214, 0.23589935898780823, 0.2485869973897934, -0.18227505683898926, 0.20791912078857422, 0.16599267721176147, -0.20838230848312378,super victory
0.4149537682533264, 0.898827314376831, 2.1737806221722167e-08, 0.549869179725647, 0.8516603112220764, -0.07524813711643219, 0.6728748679161072, 0.7258361577987671, -0.12698280811309814, 0.7759402990341187, 0.6333325505256653, -0.18030397593975067, 0.8796968460083008, 0.596839427947998, -0.23724249005317688, 0.5871354341506958, 0.43952271342277527, -0.06210887059569359, 0.6386922001838684, 0.2686687111854553, -0.10734760761260986, 0.6615654230117798, 0.15753087401390076, -0.14554907381534576, 0.6796475052833557, 0.0578894317150116, -0.17616978287696838, 0.499490886926651, 0.40001946687698364, -0.07297845929861069, 0.5191758275032043, 0.19444319605827332, -0.10571005195379257, 0.5229644179344177, 0.06866616010665894, -0.14551472663879395, 0.525735080242157, -0.045419394969940186, -0.1827458143234253, 0.4134969711303711, 0.417018860578537, -0.0958595722913742, 0.4092561900615692, 0.2260153889656067, -0.13546603918075562, 0.4108578860759735, 0.10652667284011841, -0.18185873329639435, 0.41436058282852173, 0.0014234185218811035, -0.2191278040409088, 0.32696080207824707, 0.4769964814186096, -0.12810347974300385, 0.26924702525138855, 0.34203606843948364, -0.16545410454273224, 0.23346635699272156, 0.25840282440185547, -0.19701072573661804, 0.20648902654647827, 0.1743166744709015, -0.2240115851163864,super victory
0.41582855582237244, 0.8958784341812134, 2.0809160616863664e-08, 0.5531101226806641, 0.8499890565872192, -0.07302842289209366, 0.6764787435531616, 0.7248855233192444, -0.12027739733457565, 0.7773853540420532, 0.6301511526107788, -0.16979962587356567, 0.8780003786087036, 0.5916584134101868, -0.22239616513252258, 0.5847958326339722, 0.439723402261734, -0.043142661452293396, 0.6367088556289673, 0.2694990932941437, -0.07943053543567657, 0.6585347652435303, 0.1600993275642395, -0.11227764934301376, 0.6750227212905884, 0.06414297223091125, -0.13935774564743042, 0.498238742351532, 0.39944988489151, -0.051849570125341415, 0.5145388245582581, 0.1970629096031189, -0.07335656881332397, 0.5147295594215393, 0.07552224397659302, -0.10768181830644608, 0.5134734511375427, -0.03192603588104248, -0.14113932847976685, 0.41494911909103394, 0.41534891724586487, -0.07332239300012589, 0.40896451473236084, 0.22925415635108948, -0.10283224284648895, 0.40844014286994934, 0.11251521110534668, -0.14501707255840302, 0.4097057580947876, 0.009370863437652588, -0.1799902468919754, 0.3318972587585449, 0.4729636609554291, -0.10464807599782944, 0.27441462874412537, 0.343384325504303, -0.13401946425437927, 0.23923742771148682, 0.2633930444717407, -0.16198790073394775, 0.21264168620109558, 0.1820942461490631, -0.18632078170776367,super victory
0.4192456305027008, 0.8946020007133484, 2.1403542049824864e-08, 0.5542235374450684, 0.850399374961853, -0.07417812943458557, 0.6758828163146973, 0.72552490234375, -0.12190696597099304, 0.7767373323440552, 0.6315882205963135, -0.17134639620780945, 0.8766171336174011, 0.5948695540428162, -0.22398410737514496, 0.5852359533309937, 0.4398907721042633, -0.04830780252814293, 0.636950671672821, 0.2684062421321869, -0.08587587624788284, 0.6597275733947754, 0.1585606038570404, -0.11936742812395096, 0.6771974563598633, 0.06250998377799988, -0.14684899151325226, 0.498675137758255, 0.4004342555999756, -0.05622190237045288, 0.5135414600372314, 0.19658619165420532, -0.07907894253730774, 0.5142576098442078, 0.07474249601364136, -0.11387744545936584, 0.5139376521110535, -0.032330095767974854, -0.14769001305103302, 0.41497939825057983, 0.41711145639419556, -0.07665497064590454, 0.40584757924079895, 0.23045757412910461, -0.10757042467594147, 0.40384501218795776, 0.11285582184791565, -0.15070132911205292, 0.404511034488678, 0.009838640689849854, -0.18612192571163177, 0.331716924905777, 0.4759116768836975, -0.10681187361478806, 0.27266111969947815, 0.3467308282852173, -0.13748447597026825, 0.2369290292263031, 0.2674131989479065, -0.1662113219499588, 0.21008118987083435, 0.1876259744167328, -0.1909625232219696,super victory
0.41448062658309937, 0.8967608213424683, 2.1683792539306523e-08, 0.5506234765052795, 0.84735107421875, -0.06706735491752625, 0.6725730895996094, 0.7212537527084351, -0.11158183217048645, 0.7727449536323547, 0.6283444166183472, -0.15841679275035858, 0.8722988367080688, 0.5931638479232788, -0.20816081762313843, 0.5809115171432495, 0.44621220231056213, -0.04524846747517586, 0.6323739290237427, 0.2769337296485901, -0.08054053783416748, 0.6544339656829834, 0.1688474714756012, -0.11159470677375793, 0.6711865067481995, 0.0738617479801178, -0.1371997892856598, 0.4958839416503906, 0.40757688879966736, -0.05506109818816185, 0.5105151534080505, 0.20525172352790833, -0.07561445236206055, 0.5098897218704224, 0.08335483074188232, -0.10780233889818192, 0.5077954530715942, -0.024347126483917236, -0.139997199177742, 0.4140433371067047, 0.4235708713531494, -0.07633554190397263, 0.404766321182251, 0.24094538390636444, -0.10365910828113556, 0.40134429931640625, 0.12671327590942383, -0.14337411522865295, 0.40057170391082764, 0.026474028825759888, -0.17681315541267395, 0.33314064145088196, 0.47961661219596863, -0.10675462335348129, 0.2755613327026367, 0.3525259792804718, -0.1340235471725464, 0.2403627634048462, 0.27219000458717346, -0.1605575531721115, 0.21417364478111267, 0.19106802344322205, -0.1839735507965088,super victory
0.41646209359169006, 0.892019510269165, 2.0970245984130997e-08, 0.5532860159873962, 0.8448680639266968, -0.0664265975356102, 0.6785301566123962, 0.7194012999534607, -0.10945368558168411, 0.7805958986282349, 0.6259838938713074, -0.1549433320760727, 0.8800942897796631, 0.59099942445755, -0.20302841067314148, 0.580600380897522, 0.4472505748271942, -0.040504977107048035, 0.6320128440856934, 0.276936799287796, -0.07397433370351791, 0.6549755334854126, 0.16990593075752258, -0.10384061187505722, 0.6724064946174622, 0.07574576139450073, -0.1289215087890625, 0.49609166383743286, 0.40754076838493347, -0.04982343688607216, 0.5126551985740662, 0.20328423380851746, -0.06792376190423965, 0.5148412585258484, 0.0785512626171112, -0.09983212500810623, 0.5145744681358337, -0.03208544850349426, -0.1322358399629593, 0.41409778594970703, 0.42294546961784363, -0.07078461349010468, 0.4048094153404236, 0.2411806583404541, -0.09624744951725006, 0.4020148515701294, 0.12654173374176025, -0.13558299839496613, 0.4016154706478119, 0.025465160608291626, -0.16882918775081635, 0.3328019678592682, 0.47836068272590637, -0.1008976474404335, 0.2760559916496277, 0.35051992535591125, -0.12692268192768097, 0.24203011393547058, 0.27093103528022766, -0.1527354121208191, 0.21627694368362427, 0.19063884019851685, -0.17547650635242462,super victory
0.42141902446746826, 0.8979458808898926, 2.2636761798366933e-08, 0.5532022714614868, 0.8425835967063904, -0.05792376399040222, 0.6717174649238586, 0.7187021970748901, -0.09865300357341766, 0.7689293622970581, 0.6294865012168884, -0.14356064796447754, 0.8649558424949646, 0.5952901244163513, -0.19077366590499878, 0.5808145403862, 0.44941312074661255, -0.03149121254682541, 0.6287831664085388, 0.2866291403770447, -0.06300961971282959, 0.6497645974159241, 0.18285048007965088, -0.09171252697706223, 0.6667288541793823, 0.09038713574409485, -0.11569017916917801, 0.49693113565444946, 0.41252952814102173, -0.044628310948610306, 0.5100878477096558, 0.21772274374961853, -0.062341369688510895, 0.5108314752578735, 0.10252073407173157, -0.09178091585636139, 0.5109484791755676, -0.001330643892288208, -0.12159141153097153, 0.41620680689811707, 0.4289577603340149, -0.06884931772947311, 0.40621262788772583, 0.25195056200027466, -0.09337913244962692, 0.4041179418563843, 0.14471974968910217, -0.12915608286857605, 0.40482670068740845, 0.04962727427482605, -0.1596497893333435, 0.33573800325393677, 0.4851866364479065, -0.10171157866716385, 0.27706050872802734, 0.36167892813682556, -0.12537774443626404, 0.24268686771392822, 0.28603971004486084, -0.14827647805213928, 0.21720317006111145, 0.2093789279460907, -0.16903287172317505,super victory
0.4199402928352356, 0.8921754360198975, 2.0598871941501784e-08, 0.5526750087738037, 0.8436589241027832, -0.06082215905189514, 0.6740392446517944, 0.7221863865852356, -0.10150747746229172, 0.7719102501869202, 0.6310122013092041, -0.1456083357334137, 0.8662304878234863, 0.5927778482437134, -0.19202953577041626, 0.5815636515617371, 0.45260292291641235, -0.03222798556089401, 0.6292237639427185, 0.2886929512023926, -0.06278673559427261, 0.6495977640151978, 0.18437859416007996, -0.0907280445098877, 0.6648988127708435, 0.09297141432762146, -0.11417574435472488, 0.49878644943237305, 0.4135599136352539, -0.04292599484324455, 0.5136528015136719, 0.2209896743297577, -0.0584125742316246, 0.5139814019203186, 0.10654526948928833, -0.08684004098176956, 0.512467086315155, 0.004112452268600464, -0.11597035825252533, 0.41836774349212646, 0.427681028842926, -0.06498823314905167, 0.4092881977558136, 0.2525527775287628, -0.08733796328306198, 0.406562864780426, 0.1431005299091339, -0.12258816510438919, 0.40624183416366577, 0.0460435152053833, -0.153111070394516, 0.3382893204689026, 0.4814812242984772, -0.09595810621976852, 0.28113555908203125, 0.35923415422439575, -0.11832218617200851, 0.24661722779273987, 0.28215599060058594, -0.1410897970199585, 0.22067958116531372, 0.2037898600101471, -0.16181039810180664,super victory
0.4229393005371094, 0.9027501344680786, 2.380690666825558e-08, 0.5504258275032043, 0.8471261262893677, -0.05833401158452034, 0.6626023054122925, 0.7297430634498596, -0.10027027130126953, 0.7535108923912048, 0.64516282081604, -0.14596053957939148, 0.8427140116691589, 0.6083003878593445, -0.19393974542617798, 0.5766315460205078, 0.47435590624809265, -0.03401385620236397, 0.619379997253418, 0.31511586904525757, -0.06692000478506088, 0.6350354552268982, 0.21700575947761536, -0.09612926095724106, 0.6464384198188782, 0.12684008479118347, -0.11992539465427399, 0.495067298412323, 0.4416389465332031, -0.0463709756731987, 0.5081499814987183, 0.25938737392425537, -0.06696610897779465, 0.5083160996437073, 0.15268689393997192, -0.09626411646604538, 0.507430374622345, 0.05376198887825012, -0.12484855949878693, 0.41841021180152893, 0.45688343048095703, -0.06958655267953873, 0.4105590879917145, 0.2863944172859192, -0.09658679366111755, 0.41210299730300903, 0.1829301416873932, -0.13151369988918304, 0.41502803564071655, 0.08943802118301392, -0.16064827144145966, 0.34195446968078613, 0.5070298314094543, -0.10122423619031906, 0.2866881191730499, 0.38915112614631653, -0.12519560754299164, 0.25373905897140503, 0.31538569927215576, -0.14691060781478882, 0.22909551858901978, 0.2385852038860321, -0.16661566495895386,super victory
0.4236767292022705, 0.9067132472991943, 2.150830979985585e-08, 0.5460754036903381, 0.8554126024246216, -0.06152975931763649, 0.654617965221405, 0.738244354724884, -0.10272372514009476, 0.7433468699455261, 0.6531296372413635, -0.14635919034481049, 0.8303951025009155, 0.6190544962882996, -0.19216179847717285, 0.5674743056297302, 0.48916593194007874, -0.036203015595674515, 0.6095976829528809, 0.3357619047164917, -0.06724341958761215, 0.6273633241653442, 0.23983371257781982, -0.0953950509428978, 0.6411111950874329, 0.15380042791366577, -0.11852212250232697, 0.48923105001449585, 0.45737937092781067, -0.04481741040945053, 0.4996815621852875, 0.27545735239982605, -0.06157006323337555, 0.5009828209877014, 0.16781523823738098, -0.09075789153575897, 0.5011383891105652, 0.06947702169418335, -0.12014631927013397, 0.4160967469215393, 0.47381845116615295, -0.06430327892303467, 0.4052225947380066, 0.3071780800819397, -0.0868428647518158, 0.4050939083099365, 0.20776280760765076, -0.12187366932630539, 0.4066928029060364, 0.11949422955513, -0.15193137526512146, 0.34451204538345337, 0.5256202220916748, -0.09244430065155029, 0.28992658853530884, 0.409548819065094, -0.11421864479780197, 0.2567591965198517, 0.33776071667671204, -0.1365610510110855, 0.23176774382591248, 0.2641978859901428, -0.1569439321756363,super victory
0.42520958185195923, 0.8998318910598755, 1.9024101405307192e-08, 0.5465142130851746, 0.8537020087242126, -0.06240026652812958, 0.655611515045166, 0.7379052042961121, -0.10364458709955215, 0.7449164390563965, 0.6522418856620789, -0.1465379297733307, 0.8312660455703735, 0.6181434392929077, -0.19158156216144562, 0.5665432214736938, 0.4909210801124573, -0.041997428983449936, 0.6091805696487427, 0.3371346592903137, -0.07367147505283356, 0.6273990273475647, 0.24055898189544678, -0.10192401707172394, 0.6405771374702454, 0.155782550573349, -0.1253359019756317, 0.48960259556770325, 0.4579314589500427, -0.04931310564279556, 0.5020360350608826, 0.27430206537246704, -0.06617693603038788, 0.5030568838119507, 0.16415762901306152, -0.09600350260734558, 0.5019478797912598, 0.0638895034790039, -0.1262945830821991, 0.4168226718902588, 0.4733131527900696, -0.0669136494398117, 0.4076994061470032, 0.3074324131011963, -0.08917849510908127, 0.40745511651039124, 0.2038220763206482, -0.1257718950510025, 0.40885186195373535, 0.11154666543006897, -0.157440185546875, 0.34588658809661865, 0.525527834892273, -0.09285338222980499, 0.29231464862823486, 0.41106122732162476, -0.11473838984966278, 0.2577313184738159, 0.3398129642009735, -0.137985497713089, 0.2307468056678772, 0.26631787419319153, -0.15932705998420715,super victory
0.4282788634300232, 0.9063390493392944, 2.0976557379981386e-08, 0.5450496077537537, 0.8563170433044434, -0.058525677770376205, 0.64634770154953, 0.7474766373634338, -0.10019931942224503, 0.730248212814331, 0.6694103479385376, -0.14435255527496338, 0.8125585317611694, 0.6375987529754639, -0.1910417526960373, 0.5628328323364258, 0.5051236748695374, -0.042576104402542114, 0.6026254296302795, 0.3555082678794861, -0.07641193270683289, 0.6194442510604858, 0.2623582184314728, -0.10571106523275375, 0.6315208673477173, 0.179528146982193, -0.1293499767780304, 0.48793402314186096, 0.47528260946273804, -0.05267160385847092, 0.49734604358673096, 0.2960571050643921, -0.07323390245437622, 0.4980558753013611, 0.1893121898174286, -0.10304281860589981, 0.4971267580986023, 0.09282684326171875, -0.13268063962459564, 0.41728878021240234, 0.49186208844184875, -0.07273954898118973, 0.406849205493927, 0.3270944356918335, -0.09873146563768387, 0.407081663608551, 0.22731733322143555, -0.13420839607715607, 0.40890857577323914, 0.14014846086502075, -0.16431103646755219, 0.3471928536891937, 0.5429329872131348, -0.10077706724405289, 0.29348427057266235, 0.43115293979644775, -0.1252806931734085, 0.26054027676582336, 0.3613852262496948, -0.14796395599842072, 0.23575657606124878, 0.29092469811439514, -0.16854576766490936,super victory
0.4282356798648834, 0.9013192653656006, 1.7582785005743062e-08, 0.5427577495574951, 0.8572006225585938, -0.05630021169781685, 0.6467870473861694, 0.748005211353302, -0.0952000543475151, 0.7326647043228149, 0.6685240864753723, -0.13587328791618347, 0.8137624263763428, 0.6391263008117676, -0.1787988394498825, 0.5597068071365356, 0.5081653594970703, -0.04269002377986908, 0.6005699634552002, 0.3575049042701721, -0.07333777844905853, 0.6182124614715576, 0.26261237263679504, -0.10010306537151337, 0.6307237148284912, 0.18078142404556274, -0.12232998758554459, 0.48661547899246216, 0.47709059715270996, -0.05121194198727608, 0.4976259768009186, 0.2966909110546112, -0.06768769025802612, 0.49791598320007324, 0.18802130222320557, -0.09544238448143005, 0.4961463510990143, 0.09083077311515808, -0.1241476833820343, 0.41723519563674927, 0.49233278632164, -0.06883171200752258, 0.40870025753974915, 0.33000457286834717, -0.09042653441429138, 0.4084926247596741, 0.22663041949272156, -0.12494869530200958, 0.41018998622894287, 0.13614648580551147, -0.1551128774881363, 0.34919473528862, 0.5432453155517578, -0.09399832785129547, 0.296382337808609, 0.4313294291496277, -0.11542036384344101, 0.2628442645072937, 0.36007943749427795, -0.13750524818897247, 0.23683452606201172, 0.2881348729133606, -0.15796740353107452,super victory
0.4247152507305145, 0.9059677720069885, 2.186527403580385e-08, 0.5363780856132507, 0.85452800989151, -0.05562971532344818, 0.6367350816726685, 0.7478194832801819, -0.09484249353408813, 0.7200440168380737, 0.675325334072113, -0.13649125397205353, 0.8001375198364258, 0.6519237756729126, -0.1811540275812149, 0.5534604787826538, 0.5226594805717468, -0.04139120504260063, 0.586867094039917, 0.38050538301467896, -0.0753059983253479, 0.6035476922988892, 0.2907334864139557, -0.1052146852016449, 0.6168198585510254, 0.21001490950584412, -0.12887367606163025, 0.48400717973709106, 0.494226336479187, -0.05144346132874489, 0.4887298345565796, 0.32000264525413513, -0.0714426189661026, 0.4892553389072418, 0.216509610414505, -0.10169397294521332, 0.4891759157180786, 0.12051659822463989, -0.13163946568965912, 0.41864198446273804, 0.5066627860069275, -0.07103659212589264, 0.4060806930065155, 0.3444472849369049, -0.09537846595048904, 0.4054552912712097, 0.2449718713760376, -0.13077107071876526, 0.4070245623588562, 0.15746554732322693, -0.16123773157596588, 0.35372626781463623, 0.5511157512664795, -0.09831718355417252, 0.30360156297683716, 0.4387221038341522, -0.1210835799574852, 0.2705974876880646, 0.3694124221801758, -0.14312374591827393, 0.24421557784080505, 0.2999858856201172, -0.16369402408599854,super victory
0.42421936988830566, 0.9001935720443726, 1.862482257308784e-08, 0.5353079438209534, 0.853836715221405, -0.050834838300943375, 0.6375360488891602, 0.7444344162940979, -0.08662346005439758, 0.7232151031494141, 0.669344961643219, -0.12456677109003067, 0.8037381768226624, 0.643890380859375, -0.16518238186836243, 0.5507638454437256, 0.52434903383255, -0.04063544049859047, 0.5852667689323425, 0.38020122051239014, -0.07264518737792969, 0.6043276190757751, 0.2908923923969269, -0.10083560645580292, 0.6202889680862427, 0.21169227361679077, -0.12356055527925491, 0.48261523246765137, 0.49536848068237305, -0.050128743052482605, 0.4883817732334137, 0.3215709328651428, -0.06819705665111542, 0.4916282296180725, 0.21893653273582458, -0.09715661406517029, 0.49431151151657104, 0.1223120391368866, -0.12638667225837708, 0.4175708293914795, 0.5081268548965454, -0.06813596934080124, 0.404568076133728, 0.3477059602737427, -0.09051071852445602, 0.4028438925743103, 0.24678471684455872, -0.12518641352653503, 0.40418490767478943, 0.15813592076301575, -0.15533144772052765, 0.35483527183532715, 0.5544095635414124, -0.09297697246074677, 0.30332645773887634, 0.4417725205421448, -0.11389976739883423, 0.2683885991573334, 0.3721921443939209, -0.13511475920677185, 0.24046918749809265, 0.30296745896339417, -0.15517760813236237,super victory
0.42741894721984863, 0.8456490635871887, 9.481359697360858e-09, 0.5239129066467285, 0.8070523738861084, -0.014305515214800835, 0.6171121597290039, 0.7024661898612976, -0.027571193873882294, 0.6833018064498901, 0.6156550049781799, -0.04817749932408333, 0.7384700775146484, 0.5648354291915894, -0.06616406887769699, 0.5522975325584412, 0.5802244544029236, 0.02090221457183361, 0.5799010396003723, 0.49462321400642395, 0.004465650767087936, 0.5722997188568115, 0.5746315717697144, 0.005280439276248217, 0.554402768611908, 0.6357107758522034, 0.0056493282318115234, 0.5014538764953613, 0.5677063465118408, 0.003337528556585312, 0.5285890698432922, 0.47065022587776184, -0.0319792702794075, 0.5220679044723511, 0.5773876309394836, -0.045013677328825, 0.5079448223114014, 0.6413776874542236, -0.042994458228349686, 0.44905978441238403, 0.569573163986206, -0.020376520231366158, 0.47400498390197754, 0.4776124656200409, -0.05730605125427246, 0.4767802357673645, 0.5826644897460938, -0.06323928385972977, 0.4676855206489563, 0.6478105783462524, -0.056534141302108765, 0.39468562602996826, 0.5823389887809753, -0.04685403034090996, 0.41994768381118774, 0.5100557804107666, -0.06659788638353348, 0.4323457181453705, 0.5846725702285767, -0.06717467308044434, 0.4320700764656067, 0.6370634436607361, -0.06194787099957466,super victory
0.407783180475235, 0.8881478309631348, 1.645673286532201e-08, 0.5239647626876831, 0.804956316947937, 0.002342663938179612, 0.6116116642951965, 0.7010891437530518, -0.006062362343072891, 0.6897373199462891, 0.6108698844909668, -0.029347967356443405, 0.760189414024353, 0.5702831745147705, -0.04882356524467468, 0.5488910675048828, 0.5648439526557922, 0.07012970745563507, 0.5746455192565918, 0.4804982542991638, 0.06319326907396317, 0.5714943408966064, 0.5703380107879639, 0.05761432647705078, 0.5538748502731323, 0.6297316551208496, 0.050033655017614365, 0.5008231401443481, 0.5490455031394958, 0.041100919246673584, 0.5288624167442322, 0.4696618616580963, 0.008358430117368698, 0.5234598517417908, 0.5863637328147888, -0.02438710816204548, 0.5077787637710571, 0.6552019119262695, -0.037463098764419556, 0.44719067215919495, 0.5500682592391968, 0.007438175845891237, 0.4719923436641693, 0.4653302729129791, -0.026164265349507332, 0.47460517287254333, 0.580805778503418, -0.050078898668289185, 0.46635550260543823, 0.6517696380615234, -0.05706492438912392, 0.39500534534454346, 0.5637409687042236, -0.027963751927018166, 0.41805893182754517, 0.4892195761203766, -0.03855487331748009, 0.4308263957500458, 0.5692195892333984, -0.04402144253253937, 0.4288695156574249, 0.6284844279289246, -0.046285513788461685,super victory
0.4259744882583618, 0.8591034412384033, 5.312764450593477e-09, 0.5336188673973083, 0.8065685033798218, -0.011883954517543316, 0.6213141083717346, 0.7077707052230835, -0.028447458520531654, 0.6905956268310547, 0.6222546100616455, -0.053304627537727356, 0.7512164115905762, 0.5846048593521118, -0.07383611798286438, 0.5669293403625488, 0.5827046632766724, 0.018770845606923103, 0.5856906771659851, 0.5057159066200256, 0.004825562704354525, 0.5663537979125977, 0.5990134477615356, 0.008028372190892696, 0.5507891774177551, 0.6387198567390442, 0.007615948561578989, 0.5118183493614197, 0.5705548524856567, -0.003027113853022456, 0.5302422642707825, 0.4889404773712158, -0.04167257994413376, 0.5154146552085876, 0.6079529523849487, -0.052169132977724075, 0.505163848400116, 0.6492853760719299, -0.04806845635175705, 0.45715561509132385, 0.5733481049537659, -0.029667111113667488, 0.47991496324539185, 0.4935697913169861, -0.072194904088974, 0.47588732838630676, 0.611521303653717, -0.07599496841430664, 0.46663698554039, 0.6588941812515259, -0.06612946093082428, 0.4055558443069458, 0.5863837599754333, -0.05805232375860214, 0.4294159710407257, 0.523847758769989, -0.07730960845947266, 0.43581289052963257, 0.6097033619880676, -0.07505644857883453, 0.4298328757286072, 0.653001070022583, -0.06810274720191956,super victory
0.43316254019737244, 0.8499181270599365, 4.986705270937364e-09, 0.5323792695999146, 0.8127288818359375, -0.012112118303775787, 0.624578058719635, 0.7064880728721619, -0.028675861656665802, 0.6924057602882385, 0.6229857206344604, -0.05257391557097435, 0.7496875524520874, 0.5826294422149658, -0.07174244523048401, 0.5676938891410828, 0.5864834785461426, 0.0139653654769063, 0.5880334973335266, 0.5102741718292236, -0.0008328345138579607, 0.5681764483451843, 0.6040375828742981, 0.005860983394086361, 0.5528656244277954, 0.6402802467346191, 0.009078790433704853, 0.5151811242103577, 0.5745303630828857, -0.006591407116502523, 0.5376009941101074, 0.48907238245010376, -0.042405832558870316, 0.5215803980827332, 0.610895037651062, -0.043448615819215775, 0.5095781683921814, 0.6447595357894897, -0.03164627030491829, 0.4625912606716156, 0.5761353969573975, -0.03268441930413246, 0.4878252446651459, 0.49291563034057617, -0.071628138422966, 0.4820712208747864, 0.6138632297515869, -0.06613624840974808, 0.47019749879837036, 0.6543886065483093, -0.04939739778637886, 0.41197723150253296, 0.5868619680404663, -0.060858361423015594, 0.4364842176437378, 0.531522810459137, -0.07730402797460556, 0.4411557912826538, 0.6178925037384033, -0.06997857242822647, 0.4336259961128235, 0.6509097814559937, -0.05835988372564316,super victory
0.4393632411956787, 0.8442893028259277, 7.027569637330089e-09, 0.5352065563201904, 0.8061480522155762, -0.0209405068308115, 0.6246170401573181, 0.7059857845306396, -0.04039506986737251, 0.6928772926330566, 0.6281313300132751, -0.06319225579500198, 0.7462139129638672, 0.5891587138175964, -0.07979774475097656, 0.561025857925415, 0.5775681734085083, -0.0001440408086637035, 0.588752269744873, 0.5151243805885315, -0.014987059868872166, 0.5670633316040039, 0.612083911895752, -0.005128716584295034, 0.5521072149276733, 0.6324622631072998, 0.0005975097301416099, 0.505958080291748, 0.5702435374259949, -0.01411509420722723, 0.5380855202674866, 0.4987673759460449, -0.04722054675221443, 0.5250229239463806, 0.6254113912582397, -0.039416659623384476, 0.5133289098739624, 0.635543167591095, -0.021417858079075813, 0.4539843797683716, 0.5764268040657043, -0.034218303859233856, 0.4860040247440338, 0.5051694512367249, -0.07167673856019974, 0.4841749668121338, 0.6290018558502197, -0.06022515147924423, 0.4686669111251831, 0.6490090489387512, -0.03820427134633064, 0.4069570302963257, 0.5891692638397217, -0.05656156316399574, 0.4329792857170105, 0.5434139966964722, -0.06954750418663025, 0.4421272873878479, 0.6292439699172974, -0.058993786573410034, 0.431006520986557, 0.6483520269393921, -0.04440280422568321,super victory
0.4435269832611084, 0.8403759002685547, 6.1019362895819995e-09, 0.5382823944091797, 0.807227373123169, -0.0209286417812109, 0.6251725554466248, 0.7082685828208923, -0.04065325856208801, 0.6897692084312439, 0.629146933555603, -0.06440705060958862, 0.7412970662117004, 0.589870035648346, -0.08197842538356781, 0.5645321607589722, 0.5841827392578125, 0.0026743770577013493, 0.5894562602043152, 0.5167287588119507, -0.013233248144388199, 0.5696055293083191, 0.6146326065063477, -0.0048675150610506535, 0.555784285068512, 0.6388829946517944, -0.0001562162215122953, 0.5108834505081177, 0.5751559734344482, -0.01210685446858406, 0.5381121635437012, 0.4991793632507324, -0.04785160347819328, 0.5254020690917969, 0.6258517503738403, -0.042890723794698715, 0.5140045881271362, 0.6417205333709717, -0.026055920869112015, 0.45844224095344543, 0.5792051553726196, -0.033231399953365326, 0.4865259826183319, 0.5025864839553833, -0.07272588461637497, 0.48479750752449036, 0.6268131732940674, -0.0637223944067955, 0.4703686237335205, 0.6529295444488525, -0.04282723739743233, 0.40939411520957947, 0.5912763476371765, -0.056669797748327255, 0.43341922760009766, 0.5424672365188599, -0.07085442543029785, 0.44176679849624634, 0.628578782081604, -0.061782173812389374, 0.43121519684791565, 0.6518592834472656, -0.04814067482948303,super victory
0.4448617100715637, 0.838277280330658, 6.582850708980459e-09, 0.5396844148635864, 0.8008205890655518, -0.01604512706398964, 0.6215032935142517, 0.709384024143219, -0.036142852157354355, 0.6824540495872498, 0.632969081401825, -0.061471302062273026, 0.7336087226867676, 0.5941221714019775, -0.08119271695613861, 0.5611025094985962, 0.5827152729034424, 0.0033811915200203657, 0.5887575149536133, 0.5215684175491333, -0.013286035507917404, 0.5705966949462891, 0.6172932982444763, -0.006769758649170399, 0.5541808009147644, 0.6442834734916687, -0.0036187877412885427, 0.5085698962211609, 0.5735961198806763, -0.014560825191438198, 0.5370259284973145, 0.5041850805282593, -0.05195780470967293, 0.5238195061683655, 0.6286447048187256, -0.0496196523308754, 0.5095292925834656, 0.6471437811851501, -0.03530910611152649, 0.45655345916748047, 0.5789527893066406, -0.03793314844369888, 0.4862526059150696, 0.5086174011230469, -0.07869862020015717, 0.48461654782295227, 0.6304754614830017, -0.07163597643375397, 0.4684153199195862, 0.658200740814209, -0.052753280848264694, 0.40701544284820557, 0.5943602323532104, -0.06302167475223541, 0.4334651827812195, 0.5481959581375122, -0.07883266359567642, 0.4424560070037842, 0.6311911940574646, -0.07108739018440247, 0.4310682713985443, 0.6539099216461182, -0.0588911771774292,super victory
0.44486504793167114, 0.8378771543502808, 5.388873347556e-09, 0.5397576093673706, 0.8009181022644043, -0.0143207348883152, 0.6210125684738159, 0.7102599143981934, -0.032821062952280045, 0.6817947626113892, 0.6335920095443726, -0.05723298341035843, 0.7325953245162964, 0.5950836539268494, -0.07629451155662537, 0.5644135475158691, 0.5860388875007629, 0.008502903394401073, 0.5877109169960022, 0.5231966972351074, -0.006532089784741402, 0.5702590942382812, 0.6175535321235657, 0.00012082455214112997, 0.5558488368988037, 0.6489719748497009, 0.0031706795562058687, 0.5121078491210938, 0.5756348967552185, -0.010148309171199799, 0.536016047000885, 0.5056866407394409, -0.04623713344335556, 0.5225757956504822, 0.6281107068061829, -0.045176416635513306, 0.5104401707649231, 0.6520462036132812, -0.0320085734128952, 0.4592744708061218, 0.5799945592880249, -0.03418352082371712, 0.4854516088962555, 0.506840705871582, -0.07415315508842468, 0.4832034409046173, 0.626674234867096, -0.06862742453813553, 0.46977943181991577, 0.6597171425819397, -0.051104143261909485, 0.40867775678634644, 0.5955754518508911, -0.05986696109175682, 0.43186068534851074, 0.5492855906486511, -0.07573361694812775, 0.4404338598251343, 0.6307750940322876, -0.06901795417070389, 0.43165290355682373, 0.656099259853363, -0.05774031952023506,super victory
0.4366986155509949, 0.8485729694366455, 8.827164776903373e-09, 0.536666214466095, 0.8095909357070923, -0.000482036208268255, 0.6157689094543457, 0.7457336783409119, -0.01592463068664074, 0.6851206421852112, 0.6923630833625793, -0.04032780975103378, 0.7414515614509583, 0.6829069256782532, -0.059081416577100754, 0.5597155094146729, 0.6073275804519653, 0.023237643763422966, 0.5929273366928101, 0.5569930076599121, 0.011073878966271877, 0.575111448764801, 0.6417885422706604, 0.015533206053078175, 0.5573557019233704, 0.6661872863769531, 0.015957843512296677, 0.512832760810852, 0.5889278650283813, -0.0021365799475461245, 0.5460594296455383, 0.538488507270813, -0.03309810161590576, 0.5279848575592041, 0.6478139162063599, -0.03400576859712601, 0.5093041062355042, 0.6576562523841858, -0.02510593831539154, 0.46131882071495056, 0.5885925889015198, -0.031890857964754105, 0.4945720434188843, 0.5307285785675049, -0.06758030503988266, 0.489888072013855, 0.6385622620582581, -0.06597699970006943, 0.4696645140647888, 0.6630868315696716, -0.05305183678865433, 0.4106917083263397, 0.6019420027732849, -0.062009986490011215, 0.43722444772720337, 0.5675570964813232, -0.07407746464014053, 0.4479639530181885, 0.6386318206787109, -0.06921224296092987, 0.43522393703460693, 0.6557169556617737, -0.06131889671087265,super victory
0.42682182788848877, 0.8577556610107422, 9.599179229269339e-09, 0.5267466902732849, 0.8210061192512512, -0.01042947918176651, 0.6101726293563843, 0.7581879496574402, -0.026987096294760704, 0.6871389746665955, 0.7142842411994934, -0.0495065338909626, 0.7420781850814819, 0.7120219469070435, -0.06557933241128922, 0.559280514717102, 0.6186703443527222, 0.016144922003149986, 0.5977281332015991, 0.5743913650512695, 0.006248591002076864, 0.5712770819664001, 0.6571548581123352, 0.013336682692170143, 0.5549440383911133, 0.6667636632919312, 0.015461753122508526, 0.5093244910240173, 0.5990203022956848, -0.002853148151189089, 0.5478582978248596, 0.5520558953285217, -0.029935656115412712, 0.526642918586731, 0.660497784614563, -0.026051422581076622, 0.5133346319198608, 0.6590667366981506, -0.013889449648559093, 0.45787516236305237, 0.5969061255455017, -0.026862123981118202, 0.4951639175415039, 0.538487434387207, -0.059445083141326904, 0.48824405670166016, 0.6462766528129578, -0.05402349308133125, 0.47045204043388367, 0.6613634824752808, -0.03817884251475334, 0.410677969455719, 0.6087012887001038, -0.052058350294828415, 0.4365592300891876, 0.5710759162902832, -0.060821086168289185, 0.44539880752563477, 0.6442775130271912, -0.05312548950314522, 0.4326346814632416, 0.659869909286499, -0.0427854098379612,super victory
0.425886332988739, 0.8538883328437805, 8.612657254047917e-09, 0.5280284285545349, 0.8208262920379639, -0.0072516631335020065, 0.6129737496376038, 0.7602469325065613, -0.023794852197170258, 0.6872662305831909, 0.7150548696517944, -0.04738149046897888, 0.7404208183288574, 0.7058039307594299, -0.06491203606128693, 0.5613798499107361, 0.6154212951660156, 0.01737452857196331, 0.5972186923027039, 0.5744736194610596, 0.0058290413580834866, 0.5699471831321716, 0.6585789918899536, 0.011606444604694843, 0.5531357526779175, 0.6698541045188904, 0.012988941743969917, 0.5111091136932373, 0.5973510146141052, -0.004207310266792774, 0.5473350286483765, 0.5525071620941162, -0.033636920154094696, 0.5245321393013, 0.6625896692276001, -0.03107025846838951, 0.5098795890808105, 0.6630403399467468, -0.019492991268634796, 0.45929619669914246, 0.5960245728492737, -0.030630966648459435, 0.49550193548202515, 0.5422784090042114, -0.06426125764846802, 0.48695409297943115, 0.6503732204437256, -0.05871954560279846, 0.4692634642124176, 0.6652226448059082, -0.043083518743515015, 0.4114531874656677, 0.606827974319458, -0.05822262540459633, 0.4363999366760254, 0.5727536082267761, -0.06794705986976624, 0.44464579224586487, 0.646889328956604, -0.060450803488492966, 0.4340173602104187, 0.6608123183250427, -0.05032714828848839,super victory
0.41927623748779297, 0.852279782295227, 1.092059864760131e-08, 0.5234909653663635, 0.8198508024215698, -0.002633756725117564, 0.6080630421638489, 0.7657117247581482, -0.01791086420416832, 0.6844959855079651, 0.7302781343460083, -0.0411536730825901, 0.7388457655906677, 0.7280466556549072, -0.05825025588274002, 0.5548303127288818, 0.6183879375457764, 0.02444656565785408, 0.5939041972160339, 0.576083242893219, 0.013780089095234871, 0.5681710839271545, 0.6562834978103638, 0.019407566636800766, 0.5496054291725159, 0.669201672077179, 0.020827526226639748, 0.5069302320480347, 0.5990737080574036, 0.001326560159213841, 0.5459710955619812, 0.5544081330299377, -0.02673061564564705, 0.5223516821861267, 0.6625964045524597, -0.0245851781219244, 0.505310595035553, 0.6623597145080566, -0.01310682576149702, 0.4561000466346741, 0.5952772498130798, -0.02650696597993374, 0.4943075180053711, 0.539954423904419, -0.05848853290081024, 0.48490968346595764, 0.646431028842926, -0.053843576461076736, 0.4651750326156616, 0.6579338312149048, -0.038957614451646805, 0.4079119861125946, 0.6035684943199158, -0.05503849312663078, 0.43524032831192017, 0.5687227845191956, -0.06331182271242142, 0.44227302074432373, 0.6426998972892761, -0.05577203631401062, 0.42879775166511536, 0.6544895172119141, -0.04582330584526062,super victory
0.4195402264595032, 0.8525981307029724, 1.0925627513813652e-08, 0.5235861539840698, 0.8185193538665771, -0.0035979938693344593, 0.6075106263160706, 0.7657909989356995, -0.018671469762921333, 0.6848532557487488, 0.7307887077331543, -0.04141015559434891, 0.7403497099876404, 0.7274350523948669, -0.05789990350604057, 0.5532291531562805, 0.6183264851570129, 0.025554794818162918, 0.593798816204071, 0.5764853358268738, 0.0161643885076046, 0.5683779120445251, 0.6559262871742249, 0.022921742871403694, 0.5500741004943848, 0.6667934656143188, 0.024984193965792656, 0.504827618598938, 0.5998245477676392, 0.0033646964002400637, 0.5456387996673584, 0.5537334084510803, -0.023349281400442123, 0.5229108333587646, 0.6623963713645935, -0.01990990899503231, 0.5062994360923767, 0.661674439907074, -0.007545663043856621, 0.45409688353538513, 0.5964748859405518, -0.02371874265372753, 0.49405816197395325, 0.5398721098899841, -0.055485744029283524, 0.4854842722415924, 0.6470152139663696, -0.05038387328386307, 0.46547675132751465, 0.6579567790031433, -0.03485405072569847, 0.40645796060562134, 0.6053556203842163, -0.05147342011332512, 0.43448328971862793, 0.5687108039855957, -0.060011617839336395, 0.44218456745147705, 0.643357515335083, -0.05231844633817673, 0.4281364977359772, 0.6559846997261047, -0.04195663705468178,super victory
0.4082852005958557, 0.8438912630081177, 9.815386725620101e-09, 0.512475848197937, 0.8140714764595032, -0.010618424974381924, 0.5988233685493469, 0.7612788677215576, -0.02569793537259102, 0.6778744459152222, 0.7264227867126465, -0.04611054062843323, 0.7335652112960815, 0.7266684174537659, -0.06008001044392586, 0.5474228262901306, 0.6099092960357666, 0.01873832754790783, 0.5904040932655334, 0.5793078541755676, 0.01287777628749609, 0.5583043694496155, 0.6555023789405823, 0.020446723327040672, 0.5417255163192749, 0.654119074344635, 0.021924644708633423, 0.49727070331573486, 0.5879144072532654, 0.001246857806108892, 0.5415467619895935, 0.5581046342849731, -0.02211867831647396, 0.5137866735458374, 0.6595069169998169, -0.018258091062307358, 0.4968906044960022, 0.6485103368759155, -0.007083121687173843, 0.4466446340084076, 0.5836641788482666, -0.02061205729842186, 0.48767319321632385, 0.5421190857887268, -0.04815268889069557, 0.47585752606391907, 0.6422969698905945, -0.04321648180484772, 0.4550124406814575, 0.6432831883430481, -0.028971534222364426, 0.4008662700653076, 0.593005895614624, -0.04369543865323067, 0.42727428674697876, 0.5651113390922546, -0.04795176535844803, 0.4351716637611389, 0.6353364586830139, -0.040349312126636505, 0.42127835750579834, 0.6419070363044739, -0.0309725571423769,super victory
0.41412729024887085, 0.8509507179260254, 9.635407138830487e-09, 0.5175570845603943, 0.8171682357788086, -0.006857200991362333, 0.6020418405532837, 0.7593541145324707, -0.022821079939603806, 0.6788785457611084, 0.719968855381012, -0.045552343130111694, 0.7346366047859192, 0.7184711694717407, -0.061997417360544205, 0.5500338673591614, 0.6110824346542358, 0.019487835466861725, 0.5884499549865723, 0.5733447670936584, 0.010044876486063004, 0.5613252520561218, 0.6550509333610535, 0.017119208350777626, 0.5450893044471741, 0.6616768836975098, 0.019037436693906784, 0.4999449849128723, 0.5908752679824829, -0.0014183409512043, 0.5386771559715271, 0.5510780215263367, -0.028365306556224823, 0.5146733522415161, 0.6605009436607361, -0.02413064055144787, 0.49913260340690613, 0.6552355289459229, -0.011658231727778912, 0.44828227162361145, 0.5873173475265503, -0.02707805298268795, 0.48714086413383484, 0.537632405757904, -0.05913437530398369, 0.47760143876075745, 0.644524872303009, -0.0536566898226738, 0.45751339197158813, 0.6522831916809082, -0.03798924759030342, 0.40125808119773865, 0.5963353514671326, -0.05364341288805008, 0.42822155356407166, 0.5640286207199097, -0.061918724328279495, 0.43635252118110657, 0.638105571269989, -0.054317306727170944, 0.42292818427085876, 0.6483054161071777, -0.044198598712682724,super victory
0.4134604334831238, 0.8476027250289917, 1.0093288871360073e-08, 0.5161932706832886, 0.8161048889160156, -1.409450123901479e-05, 0.6009344458580017, 0.7565564513206482, -0.01532752625644207, 0.6751382350921631, 0.718585729598999, -0.039842091500759125, 0.7321929335594177, 0.7189064025878906, -0.058781564235687256, 0.5478656888008118, 0.6075366139411926, 0.02571522630751133, 0.5853384137153625, 0.5702930092811584, 0.01495055016130209, 0.5595158338546753, 0.6505534052848816, 0.018495291471481323, 0.5413437485694885, 0.6625851392745972, 0.017826605588197708, 0.49928799271583557, 0.5877574682235718, 0.00036581093445420265, 0.5361034274101257, 0.5503189563751221, -0.027462584897875786, 0.5122063755989075, 0.6555975675582886, -0.027974603697657585, 0.4950560927391052, 0.6554439067840576, -0.019538192078471184, 0.4476669430732727, 0.5842532515525818, -0.029137177392840385, 0.48518022894859314, 0.5377546548843384, -0.059344176203012466, 0.47501400113105774, 0.6416836380958557, -0.05552196130156517, 0.45574212074279785, 0.6537714004516602, -0.04277721047401428, 0.3985923230648041, 0.5924674868583679, -0.059478990733623505, 0.4264473021030426, 0.5640432238578796, -0.06664040684700012, 0.432608962059021, 0.6369560956954956, -0.05916249379515648, 0.4201076626777649, 0.6481575965881348, -0.05029110610485077,super victory
0.41151267290115356, 0.8477954864501953, 1.0139359574168338e-08, 0.5156039595603943, 0.8150202631950378, -0.006634499412029982, 0.6000908613204956, 0.7625803351402283, -0.021697061136364937, 0.6782389283180237, 0.7314159870147705, -0.04278339445590973, 0.7305943369865417, 0.7363969087600708, -0.057390954345464706, 0.5485761761665344, 0.6137800812721252, 0.0170956589281559, 0.5924519896507263, 0.5817851424217224, 0.010481850244104862, 0.5614632368087769, 0.6594637632369995, 0.018810974434018135, 0.5441655516624451, 0.6597914099693298, 0.021218620240688324, 0.4984323978424072, 0.5902948379516602, -0.0024602620396763086, 0.5445230603218079, 0.5573353171348572, -0.024997122585773468, 0.5182284116744995, 0.6598735451698303, -0.018316885456442833, 0.5018209218978882, 0.6498140096664429, -0.00538882240653038, 0.44769853353500366, 0.5853145122528076, -0.026027152314782143, 0.49109917879104614, 0.5394418239593506, -0.05279103294014931, 0.48100724816322327, 0.6385112404823303, -0.045103542506694794, 0.46011632680892944, 0.6410951614379883, -0.029324527829885483, 0.4025932848453522, 0.5941347479820251, -0.05059405416250229, 0.4305841326713562, 0.5657013058662415, -0.05413302034139633, 0.43830302357673645, 0.6342356204986572, -0.044468287378549576, 0.4230845272541046, 0.6408547759056091, -0.03376258537173271,super victory
0.41660276055336, 0.8506240844726562, 1.0598631305924755e-08, 0.5211177468299866, 0.81662517786026, 0.0018203218933194876, 0.6031949520111084, 0.7641777992248535, -0.011735674925148487, 0.6766764521598816, 0.7301791310310364, -0.03441927582025528, 0.7280142307281494, 0.7304387092590332, -0.051280245184898376, 0.550217866897583, 0.6154305338859558, 0.02831663377583027, 0.588499903678894, 0.5751681327819824, 0.018180791288614273, 0.5640261173248291, 0.6552812457084656, 0.02323676086962223, 0.5463259220123291, 0.6678339242935181, 0.024066589772701263, 0.5027086734771729, 0.5956730842590332, 0.002738167764618993, 0.540956437587738, 0.5529898405075073, -0.024594802409410477, 0.5178831219673157, 0.660313069820404, -0.02295355126261711, 0.5013232827186584, 0.6612738370895386, -0.012410515919327736, 0.451642781496048, 0.5912125110626221, -0.027115050703287125, 0.4896688461303711, 0.5372486114501953, -0.0580659881234169, 0.4806586503982544, 0.6414884328842163, -0.05297420173883438, 0.46177709102630615, 0.6547682881355286, -0.03855999931693077, 0.40347251296043396, 0.5984209179878235, -0.05755658447742462, 0.4295465648174286, 0.5634725093841553, -0.06532901525497437, 0.4369049072265625, 0.636135458946228, -0.057228490710258484, 0.42466607689857483, 0.6493544578552246, -0.047348834574222565,super victory
0.41299766302108765, 0.8462822437286377, 9.894209895833228e-09, 0.514610230922699, 0.8184067606925964, -0.012100912630558014, 0.6004445552825928, 0.7682424187660217, -0.028035884723067284, 0.6794018149375916, 0.740541398525238, -0.04886167123913765, 0.7311849594116211, 0.7437432408332825, -0.06275321543216705, 0.5545356273651123, 0.618094265460968, 0.015770703554153442, 0.5951606631278992, 0.5864548087120056, 0.007962588220834732, 0.5636067390441895, 0.6645159125328064, 0.01575540564954281, 0.5502971410751343, 0.6618656516075134, 0.01809093728661537, 0.5034464597702026, 0.5948407053947449, -0.0010947386035695672, 0.5470440983772278, 0.5593505501747131, -0.025175927206873894, 0.5207777619361877, 0.664127767086029, -0.018244296312332153, 0.507838249206543, 0.6521282196044922, -0.004168890416622162, 0.45246386528015137, 0.5887437462806702, -0.023011138662695885, 0.49317651987075806, 0.5419749617576599, -0.051342520862817764, 0.4823220670223236, 0.6439566612243652, -0.04339776933193207, 0.46421945095062256, 0.6445857882499695, -0.026477215811610222, 0.4074820578098297, 0.59475177526474, -0.0464647002518177, 0.4319832921028137, 0.5665135383605957, -0.050800345838069916, 0.43824830651283264, 0.6373285055160522, -0.04141443967819214, 0.42482608556747437, 0.6430778503417969, -0.03029114007949829,super victory
0.4141043424606323, 0.8508937954902649, 1.0711530329388097e-08, 0.5170208215713501, 0.8212104439735413, -0.007794178556650877, 0.6024481654167175, 0.7695479393005371, -0.02271021530032158, 0.679108738899231, 0.7415707111358643, -0.04372069612145424, 0.730294942855835, 0.7488551139831543, -0.05835777148604393, 0.5554373860359192, 0.6187735199928284, 0.01809176802635193, 0.5942908525466919, 0.5842245221138, 0.009840617887675762, 0.5645328760147095, 0.6623695492744446, 0.01734076999127865, 0.5496864318847656, 0.6647594571113586, 0.01972791738808155, 0.5046074986457825, 0.5963222980499268, -0.0010985080152750015, 0.5458253622055054, 0.5576023459434509, -0.02511417865753174, 0.5203682780265808, 0.6628188490867615, -0.018908215686678886, 0.5058535933494568, 0.655335545539856, -0.005608526058495045, 0.4532294273376465, 0.5915498733520508, -0.02504737116396427, 0.49260959029197693, 0.5430471301078796, -0.053361259400844574, 0.48261934518814087, 0.6459625363349915, -0.046389203518629074, 0.4644220173358917, 0.6505422592163086, -0.0305772814899683, 0.40749597549438477, 0.5987878441810608, -0.05022025480866432, 0.43243032693862915, 0.5698239803314209, -0.05543648079037666, 0.4397934377193451, 0.6414685845375061, -0.04689103737473488, 0.4275328814983368, 0.6487798690795898, -0.03661302477121353,super victory
0.4155702292919159, 0.8494476079940796, 1.0539505268525318e-08, 0.5170027613639832, 0.8222492337226868, -0.0064118956215679646, 0.6010950803756714, 0.7741608619689941, -0.022775016725063324, 0.6776988506317139, 0.7470487356185913, -0.04678050056099892, 0.7301870584487915, 0.7533007860183716, -0.06468529999256134, 0.5556334257125854, 0.6254558563232422, 0.022677261382341385, 0.5901430249214172, 0.5837252736091614, 0.010430381633341312, 0.5645542740821838, 0.6639969348907471, 0.013677537441253662, 0.5500104427337646, 0.6760571002960205, 0.013459771871566772, 0.5081402659416199, 0.6033989191055298, 0.0008672701078467071, 0.5426187515258789, 0.5583859086036682, -0.028173599392175674, 0.5182008147239685, 0.6656255722045898, -0.02846941538155079, 0.5057852268218994, 0.6665600538253784, -0.019146505743265152, 0.4573235511779785, 0.5963448286056519, -0.026194032281637192, 0.49190136790275574, 0.54083651304245, -0.059079792350530624, 0.4809379577636719, 0.6465818881988525, -0.056276317685842514, 0.4653070271015167, 0.6616305112838745, -0.04303339123725891, 0.40923768281936646, 0.601100504398346, -0.054497718811035156, 0.4328763782978058, 0.5648849606513977, -0.06384216994047165, 0.43841397762298584, 0.6389720439910889, -0.05756796523928642, 0.428314208984375, 0.6547762751579285, -0.04887194186449051,super victory
0.4137978255748749, 0.8511556386947632, 1.0261373084574643e-08, 0.5178101658821106, 0.8215425610542297, -0.003758081467822194, 0.6004033088684082, 0.7758218050003052, -0.01854136399924755, 0.6757590770721436, 0.7475289106369019, -0.04122106358408928, 0.7265406250953674, 0.7540217041969299, -0.05786066874861717, 0.5554947257041931, 0.6254295110702515, 0.024484574794769287, 0.590316116809845, 0.5847972631454468, 0.014293565414845943, 0.5626988410949707, 0.6634148359298706, 0.019333409145474434, 0.5467844605445862, 0.674957275390625, 0.020215880125761032, 0.5079901218414307, 0.6029213666915894, 0.001782256062142551, 0.5429650545120239, 0.558140218257904, -0.025489352643489838, 0.51728755235672, 0.6636689305305481, -0.02404313161969185, 0.5041199326515198, 0.664752185344696, -0.013710985891520977, 0.4572071433067322, 0.5963495373725891, -0.0257748831063509, 0.49184703826904297, 0.5393774509429932, -0.057942990213632584, 0.4806535840034485, 0.6434183716773987, -0.054333556443452835, 0.46422079205513, 0.6584069132804871, -0.04037808999419212, 0.4094202220439911, 0.6031689643859863, -0.054234668612480164, 0.4317997395992279, 0.5653585195541382, -0.06322552263736725, 0.43850696086883545, 0.6377863883972168, -0.05658191069960594, 0.4286401569843292, 0.653137743473053, -0.047479528933763504,super victory
0.4092599153518677, 0.8428446054458618, 1.005372762818979e-08, 0.5084264874458313, 0.8168643116950989, -0.009874675422906876, 0.5940951704978943, 0.7694013714790344, -0.02616172842681408, 0.6714105606079102, 0.743977427482605, -0.04819036275148392, 0.7233079671859741, 0.7489525079727173, -0.0637669637799263, 0.548761785030365, 0.617006778717041, 0.016923904418945312, 0.5864529013633728, 0.5831679701805115, 0.007723251823335886, 0.555747389793396, 0.6598213911056519, 0.013830502517521381, 0.5390217304229736, 0.6660747528076172, 0.015278683975338936, 0.5007880330085754, 0.5950666069984436, -0.001335350563749671, 0.539768397808075, 0.5591638684272766, -0.0266227088868618, 0.5130417943000793, 0.6619168519973755, -0.023038163781166077, 0.49910295009613037, 0.6560943722724915, -0.011540588922798634, 0.45124316215515137, 0.589012861251831, -0.024388235062360764, 0.4877476692199707, 0.5431352853775024, -0.05277911573648453, 0.475882887840271, 0.6435694694519043, -0.04697290062904358, 0.4587175250053406, 0.6489610075950623, -0.0321943573653698, 0.40530526638031006, 0.5955860614776611, -0.04888669028878212, 0.4289107322692871, 0.5642179250717163, -0.054123252630233765, 0.43556949496269226, 0.6351877450942993, -0.0460219532251358, 0.4249441921710968, 0.6447173357009888, -0.036166317760944366,super victory
0.41058504581451416, 0.8467487096786499, 1.038877073256117e-08, 0.5118129253387451, 0.8196456432342529, -0.0055752769112586975, 0.5942530035972595, 0.7692480087280273, -0.02159574255347252, 0.6672271490097046, 0.7389199733734131, -0.04538413882255554, 0.7193574905395508, 0.7440427541732788, -0.06332853436470032, 0.5516546368598938, 0.6250895261764526, 0.021147962659597397, 0.5823822021484375, 0.5787863731384277, 0.008840342983603477, 0.5569538474082947, 0.658663272857666, 0.0125518087297678, 0.5419905185699463, 0.6741021275520325, 0.012904099188745022, 0.5033537745475769, 0.60277259349823, -0.0008366485126316547, 0.5352160930633545, 0.5527646541595459, -0.030406955629587173, 0.5110776424407959, 0.659198522567749, -0.030708668753504753, 0.4982415437698364, 0.6636626124382019, -0.021111689507961273, 0.45202407240867615, 0.595691978931427, -0.027806485071778297, 0.4845282733440399, 0.5376434922218323, -0.060271210968494415, 0.47397494316101074, 0.6401897668838501, -0.057372305542230606, 0.4588906168937683, 0.6555702090263367, -0.04427480325102806, 0.40301984548568726, 0.5999912023544312, -0.05594000220298767, 0.4264519512653351, 0.5619567632675171, -0.06517844647169113, 0.43203017115592957, 0.6333532333374023, -0.05913814157247543, 0.4225425720214844, 0.6479166746139526, -0.05072968080639839,super victory
0.41387617588043213, 0.8456927537918091, 1.0296849595192725e-08, 0.5152045488357544, 0.8171501159667969, -0.0019366175401955843, 0.5969484448432922, 0.7669029235839844, -0.0186285600066185, 0.6688535213470459, 0.7371861338615417, -0.044371671974658966, 0.7215396165847778, 0.7433130145072937, -0.06475366652011871, 0.5529744625091553, 0.6255296468734741, 0.021697508171200752, 0.5837099552154541, 0.5768883228302002, 0.006980119273066521, 0.5595937371253967, 0.6554716229438782, 0.00884931068867445, 0.5431143045425415, 0.6764334440231323, 0.008183657191693783, 0.505713701248169, 0.6041033864021301, -0.0031263474375009537, 0.5361465215682983, 0.551092267036438, -0.035586025565862656, 0.5116851925849915, 0.6572220921516418, -0.038145776838064194, 0.49813151359558105, 0.6684563755989075, -0.02996858023107052, 0.45405301451683044, 0.5975310802459717, -0.03269529715180397, 0.48685139417648315, 0.5350989699363708, -0.06796938180923462, 0.4757354259490967, 0.6376310586929321, -0.06646569818258286, 0.4608514606952667, 0.6596745252609253, -0.05436526611447334, 0.40373092889785767, 0.6017690896987915, -0.06309685111045837, 0.4285506010055542, 0.5628610849380493, -0.07518130540847778, 0.43292516469955444, 0.6345975995063782, -0.07005846500396729, 0.4237990081310272, 0.6521859169006348, -0.062343258410692215,super victory
0.4157523810863495, 0.8476929664611816, 9.61644541774831e-09, 0.514617383480072, 0.8168506622314453, -0.00601574219763279, 0.5981079339981079, 0.7625342607498169, -0.02349044568836689, 0.6714940071105957, 0.7296587228775024, -0.04873048514127731, 0.7260458469390869, 0.7308700084686279, -0.06836877763271332, 0.5515089631080627, 0.617750346660614, 0.017911385744810104, 0.5805490016937256, 0.5716732144355774, 0.004176752176135778, 0.556857705116272, 0.6521104574203491, 0.007338878232985735, 0.5415087938308716, 0.6714274883270264, 0.007369523402303457, 0.5033794045448303, 0.5988105535507202, -0.004468998406082392, 0.532326340675354, 0.5495313405990601, -0.03506601229310036, 0.5101798176765442, 0.6574941873550415, -0.03565400093793869, 0.4982394278049469, 0.6656200289726257, -0.02645431086421013, 0.4522959887981415, 0.5947743058204651, -0.03185853362083435, 0.48289647698402405, 0.5361242294311523, -0.0660923644900322, 0.47331348061561584, 0.6409679055213928, -0.06296379864215851, 0.45943117141723633, 0.6598178744316101, -0.0496891587972641, 0.4033709168434143, 0.6020188927650452, -0.06038115546107292, 0.4262048602104187, 0.5620093941688538, -0.07205284386873245, 0.4323056936264038, 0.6353554725646973, -0.06607643514871597, 0.4244788587093353, 0.652511715888977, -0.05738610401749611,super victory
0.41415631771087646, 0.8487124443054199, 9.708572612510125e-09, 0.5146185159683228, 0.816108763217926, -0.005754030775278807, 0.5975239276885986, 0.7637066841125488, -0.02175614982843399, 0.6724506616592407, 0.7313819527626038, -0.04566630721092224, 0.7266847491264343, 0.7345259785652161, -0.0638020783662796, 0.5513583421707153, 0.6233795285224915, 0.022496351972222328, 0.5793486833572388, 0.5715191960334778, 0.010074992664158344, 0.5567428469657898, 0.6515718102455139, 0.013606125488877296, 0.5427191853523254, 0.6719174385070801, 0.013920668512582779, 0.5036603808403015, 0.6033758521080017, 0.0006187320104800165, 0.5315636396408081, 0.5487880706787109, -0.02978617697954178, 0.5098326206207275, 0.6567792892456055, -0.03127949684858322, 0.498587429523468, 0.66758793592453, -0.022105854004621506, 0.452589750289917, 0.5978713631629944, -0.026404479518532753, 0.4815477728843689, 0.5346373319625854, -0.06051953136920929, 0.47260913252830505, 0.6393457651138306, -0.05871047079563141, 0.45944327116012573, 0.660897970199585, -0.045751750469207764, 0.40372180938720703, 0.604671835899353, -0.054511990398168564, 0.4253903031349182, 0.5601142644882202, -0.06554468721151352, 0.43208613991737366, 0.6323726773262024, -0.060250431299209595, 0.42415952682495117, 0.6520538926124573, -0.05190568044781685,super victory
0.4214368462562561, 0.847237765789032, 8.953948693601887e-09, 0.5137806534767151, 0.8161513209342957, -0.00931941345334053, 0.5977575778961182, 0.7525807023048401, -0.02873876877129078, 0.6700440645217896, 0.7152636051177979, -0.05560148507356644, 0.7285630702972412, 0.7087472081184387, -0.07663296163082123, 0.5524696707725525, 0.6098636388778687, 0.015601231716573238, 0.5818149447441101, 0.5461569428443909, 0.0006313507328741252, 0.5619980692863464, 0.6278955936431885, 0.0036243300419300795, 0.546223521232605, 0.65997314453125, 0.0035376178566366434, 0.5035889744758606, 0.596598207950592, -0.005280372221022844, 0.5303093791007996, 0.5419299602508545, -0.03838995844125748, 0.5122654438018799, 0.6519540548324585, -0.041426099836826324, 0.5012425780296326, 0.6673620939254761, -0.032853201031684875, 0.4526723027229309, 0.5963555574417114, -0.03133201226592064, 0.4801645278930664, 0.5383944511413574, -0.06609094887971878, 0.47212550044059753, 0.6449093222618103, -0.06374572217464447, 0.46143755316734314, 0.6641290783882141, -0.05107881873846054, 0.403499960899353, 0.6044392585754395, -0.05889880657196045, 0.4275191128253937, 0.563657283782959, -0.07108249515295029, 0.4309268593788147, 0.6410608887672424, -0.06503357738256454, 0.4229518175125122, 0.6609634757041931, -0.056078627705574036,super victory
0.41871604323387146, 0.8447405099868774, 1.094488322195275e-08, 0.5133448243141174, 0.8120192289352417, -0.010728124529123306, 0.5973684191703796, 0.7526645064353943, -0.02946796827018261, 0.67275071144104, 0.7154013514518738, -0.05466385930776596, 0.7301324605941772, 0.7130874991416931, -0.07392477244138718, 0.5480009317398071, 0.6141529679298401, 0.013836631551384926, 0.5801324844360352, 0.5514771938323975, -0.001222830731421709, 0.5618188381195068, 0.6331791877746582, 0.001893377397209406, 0.5455877780914307, 0.6637470126152039, 0.0023409889545291662, 0.5003886222839355, 0.5982758402824402, -0.005060209892690182, 0.5302053093910217, 0.5424247980117798, -0.03833841532468796, 0.5122733116149902, 0.6528717875480652, -0.04153715446591377, 0.49980154633522034, 0.6676039099693298, -0.032904382795095444, 0.45076391100883484, 0.5964062213897705, -0.02899203449487686, 0.4796316921710968, 0.5359830856323242, -0.06499732285737991, 0.4725700616836548, 0.6416646242141724, -0.06465703248977661, 0.4596930742263794, 0.6622146368026733, -0.052572015672922134, 0.40289241075515747, 0.6042520403862, -0.05413634702563286, 0.4279147982597351, 0.5616072416305542, -0.06665773689746857, 0.43244969844818115, 0.6363952159881592, -0.06205552816390991, 0.42229554057121277, 0.6569172143936157, -0.05397815257310867,super victory
0.4246904253959656, 0.8455702066421509, 1.0605949007924664e-08, 0.5160062909126282, 0.8106635808944702, -0.0025461348704993725, 0.6012917757034302, 0.7394406795501709, -0.020982451736927032, 0.6732995510101318, 0.6983202695846558, -0.048967521637678146, 0.734905481338501, 0.6920270919799805, -0.07220328599214554, 0.5464323163032532, 0.6118637323379517, 0.019417311996221542, 0.5812751054763794, 0.5361031293869019, 0.0033175423741340637, 0.5685014724731445, 0.6092324256896973, 0.004093541298061609, 0.5513001084327698, 0.6471657156944275, 0.002877810038626194, 0.4991287589073181, 0.601434051990509, -0.004398671444505453, 0.5300050377845764, 0.5403508543968201, -0.038342107087373734, 0.515096127986908, 0.643764078617096, -0.04515206813812256, 0.5000836253166199, 0.6683415770530701, -0.03917425498366356, 0.4491715431213379, 0.6016141176223755, -0.0323973149061203, 0.48191964626312256, 0.5422950983047485, -0.06559672206640244, 0.4752378463745117, 0.6436139941215515, -0.06428650766611099, 0.4610324800014496, 0.6696363687515259, -0.05319919437170029, 0.3985014855861664, 0.6080358624458313, -0.06155528873205185, 0.43225717544555664, 0.5615970492362976, -0.07332830876111984, 0.434754341840744, 0.6351843476295471, -0.06688230484724045, 0.4226776957511902, 0.6591127514839172, -0.05809871479868889,super victory
0.42590588331222534, 0.8414023518562317, 1.0314582077342038e-08, 0.5154737830162048, 0.804969310760498, -0.010764362290501595, 0.599686861038208, 0.7268901467323303, -0.028368806466460228, 0.6723695397377014, 0.6778827905654907, -0.053231824189424515, 0.7344529628753662, 0.6702274084091187, -0.07309073954820633, 0.5476745963096619, 0.6056325435638428, 0.018890313804149628, 0.5800955295562744, 0.5356726050376892, 0.005321696400642395, 0.5657633543014526, 0.6129757761955261, 0.0067537520080804825, 0.5507450699806213, 0.6424554586410522, 0.005430847406387329, 0.5001720190048218, 0.5962542295455933, 0.000708280538674444, 0.5293978452682495, 0.5366038084030151, -0.030586162582039833, 0.5152304172515869, 0.6401514410972595, -0.0381355881690979, 0.5037211775779724, 0.6561417579650879, -0.03327586501836777, 0.4512121379375458, 0.5970011353492737, -0.022354910150170326, 0.48038679361343384, 0.5373732447624207, -0.05522291362285614, 0.4749481976032257, 0.639726459980011, -0.05637351796030998, 0.46272310614585876, 0.6628744006156921, -0.046478964388370514, 0.4027481973171234, 0.6033884286880493, -0.04703906923532486, 0.43257004022598267, 0.5524955987930298, -0.05859864130616188, 0.4355621039867401, 0.6273598670959473, -0.053853925317525864, 0.42413413524627686, 0.6529630422592163, -0.046165913343429565,super victory
0.42757928371429443, 0.8380037546157837, 9.83165193702007e-09, 0.5153523683547974, 0.8055240511894226, -0.012686657719314098, 0.600692093372345, 0.7272836565971375, -0.0313166081905365, 0.672752857208252, 0.6779291033744812, -0.05655556544661522, 0.7348024845123291, 0.6693185567855835, -0.07668968290090561, 0.5490643978118896, 0.6064288020133972, 0.014261706732213497, 0.5796534419059753, 0.5377960801124573, -5.1831335440510884e-05, 0.5653887391090393, 0.6178802251815796, 0.0019929453264921904, 0.5515283346176147, 0.6476225256919861, 0.0013362173922359943, 0.5010330677032471, 0.5960493087768555, -0.0029801407363265753, 0.529348611831665, 0.5356069803237915, -0.03393677622079849, 0.515377938747406, 0.6415874361991882, -0.03933345526456833, 0.5045939683914185, 0.6572262644767761, -0.03303302824497223, 0.45206955075263977, 0.5962117910385132, -0.025295138359069824, 0.48093381524086, 0.5369735360145569, -0.05766076222062111, 0.47578322887420654, 0.639961838722229, -0.05714791268110275, 0.4637531340122223, 0.6622291207313538, -0.04623643308877945, 0.4037022292613983, 0.6023339033126831, -0.0493936613202095, 0.4333326816558838, 0.5543185472488403, -0.06069508194923401, 0.43648192286491394, 0.6288237571716309, -0.055405907332897186, 0.4253639876842499, 0.6525357961654663, -0.047238994389772415,super victory
0.4294419586658478, 0.8332928419113159, 9.140586954003993e-09, 0.5153370499610901, 0.7986021637916565, -0.009627170860767365, 0.5986583232879639, 0.7108372449874878, -0.025588953867554665, 0.6673299074172974, 0.6547136306762695, -0.0489044226706028, 0.7285614013671875, 0.6399586796760559, -0.0674959197640419, 0.5497134923934937, 0.5989941358566284, 0.0198355745524168, 0.5776063799858093, 0.5291585922241211, 0.0063881478272378445, 0.5658754110336304, 0.6041315197944641, 0.008550862781703472, 0.551230251789093, 0.6346917748451233, 0.008102758787572384, 0.5023701190948486, 0.5902144908905029, 0.0017459946684539318, 0.5277165770530701, 0.5317467451095581, -0.02772747166454792, 0.5153194665908813, 0.6352475881576538, -0.03313641622662544, 0.5035175681114197, 0.651448130607605, -0.02675565332174301, 0.45414111018180847, 0.5919423699378967, -0.021507199853658676, 0.48075249791145325, 0.5357751846313477, -0.05236676707863808, 0.4764741361141205, 0.6357963681221008, -0.051895562559366226, 0.46409299969673157, 0.6555200815200806, -0.04139699786901474, 0.40609413385391235, 0.5982010364532471, -0.0464564673602581, 0.43480193614959717, 0.5567737221717834, -0.05695563182234764, 0.4382387697696686, 0.6304360032081604, -0.0516040101647377, 0.42731112241744995, 0.6510968804359436, -0.04347212240099907,super victory
0.43211451172828674, 0.8327338695526123, 8.800761897020948e-09, 0.5172677040100098, 0.7992953658103943, -0.0072832233272492886, 0.5999175906181335, 0.7122018933296204, -0.023552067577838898, 0.6665850281715393, 0.6541271209716797, -0.047859445214271545, 0.7278062701225281, 0.6381303668022156, -0.06786897778511047, 0.5512691736221313, 0.6020495295524597, 0.017686229199171066, 0.5797292590141296, 0.5303750038146973, 0.003069936763495207, 0.5693089365959167, 0.6040892601013184, 0.004736213944852352, 0.5542731881141663, 0.6401233077049255, 0.004170497413724661, 0.5043249130249023, 0.5923112034797668, -0.0021861623972654343, 0.5293850302696228, 0.5321130752563477, -0.03381749615073204, 0.5161507725715637, 0.6330046057701111, -0.04016388580203056, 0.5042092800140381, 0.6542961597442627, -0.034284066408872604, 0.45613372325897217, 0.5933380126953125, -0.026654789224267006, 0.4830112159252167, 0.5348255634307861, -0.05856461822986603, 0.4773990511894226, 0.6319116950035095, -0.057621635496616364, 0.46495509147644043, 0.6569110155105591, -0.0469408854842186, 0.4068478047847748, 0.5997586250305176, -0.05269426107406616, 0.43627893924713135, 0.5558016300201416, -0.06422150880098343, 0.43865352869033813, 0.6271156072616577, -0.0585005097091198, 0.4281899929046631, 0.6503841876983643, -0.050087183713912964,super victory
0.4327561557292938, 0.8337924480438232, 7.2384325200403055e-09, 0.5140354633331299, 0.811487078666687, -0.011100316420197487, 0.5923039317131042, 0.7125416398048401, -0.026058776304125786, 0.6488843560218811, 0.6339967846870422, -0.047588050365448, 0.704359769821167, 0.600581169128418, -0.06471963971853256, 0.5454192161560059, 0.5987224578857422, 0.015548915602266788, 0.577846348285675, 0.5224071145057678, 0.0020467068534344435, 0.5726621150970459, 0.5942835807800293, 0.007716214284300804, 0.5549591183662415, 0.6275945901870728, 0.010392791591584682, 0.5012767314910889, 0.5911331176757812, -0.0014683273620903492, 0.5336701273918152, 0.5252814292907715, -0.031897012144327164, 0.5241141319274902, 0.6312233209609985, -0.03169993311166763, 0.5066587328910828, 0.6518880128860474, -0.019562898203730583, 0.4556371867656708, 0.5921341776847839, -0.02391498163342476, 0.48923033475875854, 0.5321463346481323, -0.05709843337535858, 0.4847677946090698, 0.6373658180236816, -0.051558222621679306, 0.4663923382759094, 0.6614988446235657, -0.03582853451371193, 0.4069729149341583, 0.5960319638252258, -0.048347122967243195, 0.44399696588516235, 0.5554273128509521, -0.062076836824417114, 0.4462758004665375, 0.6332300305366516, -0.0547017902135849, 0.43073615431785583, 0.6563985347747803, -0.04313894361257553,super victory
0.4316573739051819, 0.833654522895813, 6.84387346794324e-09, 0.5108416080474854, 0.8157243132591248, -0.01949864998459816, 0.5910118818283081, 0.7137501239776611, -0.03529383987188339, 0.6488614082336426, 0.6325194239616394, -0.055545877665281296, 0.7053887844085693, 0.6036158800125122, -0.07106829434633255, 0.5504506826400757, 0.6002353429794312, 0.008262495510280132, 0.5796512365341187, 0.523492693901062, -0.006866890005767345, 0.5738731622695923, 0.5926654934883118, -0.0016186776338145137, 0.5599057674407959, 0.6226932406425476, 0.0009611472487449646, 0.5038171410560608, 0.5912577509880066, -0.004928857088088989, 0.5330966114997864, 0.5259072184562683, -0.03600681945681572, 0.5223522782325745, 0.634319007396698, -0.03504553437232971, 0.5089019536972046, 0.651764452457428, -0.02229698747396469, 0.4564998745918274, 0.5910458564758301, -0.02459096908569336, 0.48780855536460876, 0.5325366258621216, -0.059740640223026276, 0.48166877031326294, 0.6383215188980103, -0.054945189505815506, 0.4656953513622284, 0.6617456674575806, -0.039191700518131256, 0.4067337214946747, 0.5925594568252563, -0.04695715382695198, 0.4398679733276367, 0.5573682188987732, -0.062423575669527054, 0.44221407175064087, 0.6361313462257385, -0.056386448442935944, 0.42955052852630615, 0.6582270264625549, -0.04532888904213905,super victory
0.44318830966949463, 0.8446650505065918, 4.498846628564479e-09, 0.5293001532554626, 0.8023536205291748, -0.015391443856060505, 0.5932443141937256, 0.7047473192214966, -0.02552598901093006, 0.619873583316803, 0.6092855334281921, -0.04391481354832649, 0.6346965432167053, 0.5275057554244995, -0.05940817669034004, 0.5467910766601562, 0.6086167097091675, 0.05151446536183357, 0.5712720155715942, 0.520717978477478, 0.04223543778061867, 0.578000545501709, 0.5572274327278137, 0.038254376500844955, 0.567419171333313, 0.6046347618103027, 0.03530396521091461, 0.5067125558853149, 0.5939957499504089, 0.03773565590381622, 0.537043571472168, 0.4945637583732605, 0.011752324178814888, 0.5407456755638123, 0.5551645755767822, -0.01092839241027832, 0.5277025103569031, 0.6134840846061707, -0.016010869294404984, 0.4635104238986969, 0.5890638828277588, 0.01597844809293747, 0.4885618984699249, 0.4831373393535614, -0.01330491527915001, 0.49913761019706726, 0.5457375049591064, -0.031412217766046524, 0.4910530149936676, 0.6115550994873047, -0.03392672538757324, 0.4130535125732422, 0.597481906414032, -0.00892347190529108, 0.4365103840827942, 0.5180757641792297, -0.025551116093993187, 0.4535554051399231, 0.563247799873352, -0.032617948949337006, 0.4535638093948364, 0.6195012927055359, -0.03275911882519722,super victory
0.4447349011898041, 0.8434494733810425, 4.1835788167077226e-09, 0.533073902130127, 0.8031986355781555, 0.0020207511261105537, 0.5967981219291687, 0.7119342684745789, 0.004661120939999819, 0.6209304332733154, 0.6145972609519958, -0.0030027395114302635, 0.6136725544929504, 0.5336329936981201, -0.008055266924202442, 0.5543298721313477, 0.6125876903533936, 0.0800929069519043, 0.580224871635437, 0.5272901058197021, 0.0840383917093277, 0.5909462571144104, 0.5349449515342712, 0.08578823506832123, 0.5907439589500427, 0.5669001340866089, 0.08617334067821503, 0.516998827457428, 0.5926363468170166, 0.061897531151771545, 0.5414035320281982, 0.48780357837677, 0.053243447095155716, 0.5522868037223816, 0.5077055096626282, 0.03483239933848381, 0.5516899228096008, 0.553514838218689, 0.029384059831500053, 0.4731767177581787, 0.5854054689407349, 0.0366789773106575, 0.494974821805954, 0.477402925491333, 0.0195174440741539, 0.50825035572052, 0.5083458423614502, 0.00279972399584949, 0.5070693492889404, 0.5643954277038574, -0.0007320478325709701, 0.42317497730255127, 0.5946269631385803, 0.009339402429759502, 0.44723236560821533, 0.5113531351089478, -6.693990144412965e-05, 0.4639269709587097, 0.5435715913772583, -0.004171089269220829, 0.4669499099254608, 0.6019355654716492, -0.0031625968404114246,super victory
0.444248229265213, 0.8451256155967712, 5.864579932790548e-09, 0.531156599521637, 0.8029809594154358, -0.0008625352056697011, 0.5960795879364014, 0.71104496717453, -0.0017205773619934916, 0.6203149557113647, 0.6172454357147217, -0.01308741606771946, 0.6149840950965881, 0.5342161655426025, -0.022155912593007088, 0.5525041222572327, 0.6082704663276672, 0.07544489204883575, 0.5823081731796265, 0.5306207537651062, 0.07279280573129654, 0.5945422649383545, 0.5286218523979187, 0.07010044902563095, 0.5953077077865601, 0.5479832887649536, 0.06783784180879593, 0.5136866569519043, 0.5895487070083618, 0.056014131754636765, 0.5426899194717407, 0.48136425018310547, 0.03658127412199974, 0.5505611896514893, 0.5147939920425415, 0.016719570383429527, 0.5466660857200623, 0.5661640167236328, 0.013187242671847343, 0.4701949656009674, 0.5832339525222778, 0.02899022400379181, 0.4966120719909668, 0.4765250086784363, 0.0027994285337626934, 0.5052080154418945, 0.5297931432723999, -0.011608298867940903, 0.49900880455970764, 0.5928766131401062, -0.010871149599552155, 0.42023658752441406, 0.5938767790794373, -0.0006770314066670835, 0.44696885347366333, 0.513649582862854, -0.01586841605603695, 0.46134239435195923, 0.558128833770752, -0.019590923562645912, 0.461291640996933, 0.617894172668457, -0.01665809564292431,super victory
0.4716993570327759, 0.8534959554672241, 2.470693871714502e-09, 0.5543907284736633, 0.8078315258026123, -0.03729894384741783, 0.6166729927062988, 0.717979907989502, -0.05308191850781441, 0.6400607228279114, 0.629690945148468, -0.06936346739530563, 0.6319448947906494, 0.5556320548057556, -0.08290431648492813, 0.5615989565849304, 0.6094670295715332, 0.012229355052113533, 0.5896877646446228, 0.530849039554596, 0.004411756526678801, 0.6071099042892456, 0.5307062864303589, 0.0016799551667645574, 0.6208533644676208, 0.5545409917831421, -0.0015008406480774283, 0.5158586502075195, 0.5789203643798828, 0.011976515874266624, 0.5303800702095032, 0.4688498377799988, 0.007227020803838968, 0.5450838804244995, 0.4030314087867737, -0.012563602067530155, 0.5651276111602783, 0.3501026928424835, -0.030339712277054787, 0.4707549810409546, 0.57490473985672, 0.00309474254027009, 0.4741578698158264, 0.47776272892951965, -0.0034226335119456053, 0.4839994013309479, 0.4135667085647583, -0.023974595591425896, 0.49980348348617554, 0.3688781261444092, -0.04145563393831253, 0.4262164831161499, 0.5913010835647583, -0.011784822680056095, 0.41822585463523865, 0.5117910504341125, -0.017404183745384216, 0.421607106924057, 0.47576138377189636, -0.02763921394944191, 0.43296337127685547, 0.45493417978286743, -0.0373203344643116,super victory
0.4702375829219818, 0.8521226048469543, 2.4930419950663918e-09, 0.5504001975059509, 0.8053715229034424, -0.03630649298429489, 0.6146731972694397, 0.7175433039665222, -0.05276291444897652, 0.6389121413230896, 0.6284414529800415, -0.0699113979935646, 0.6314873099327087, 0.5527508854866028, -0.08462157100439072, 0.5619655251502991, 0.6166937947273254, 0.008125286549329758, 0.5937946438789368, 0.5397481322288513, -0.0037631194572895765, 0.6099491119384766, 0.5334591269493103, -0.00875866785645485, 0.6215338110923767, 0.5458004474639893, -0.012188886292278767, 0.5172702670097351, 0.5837430953979492, 0.007066624239087105, 0.5340129137039185, 0.47212421894073486, -0.0007203194545581937, 0.5483501553535461, 0.4086191654205322, -0.019856015220284462, 0.5671513676643372, 0.3548271059989929, -0.03626921400427818, 0.4725130796432495, 0.5759842991828918, -0.0025415869895368814, 0.4790637493133545, 0.4742285907268524, -0.010577784851193428, 0.4896056354045868, 0.4111413359642029, -0.02907979115843773, 0.5057066679000854, 0.36595618724823, -0.04458888992667198, 0.4268479347229004, 0.587024450302124, -0.01807631552219391, 0.4194169044494629, 0.5031006336212158, -0.02394220232963562, 0.4203883111476898, 0.45318037271499634, -0.034043096005916595, 0.43062323331832886, 0.41410309076309204, -0.04359793663024902,super victory
0.465399831533432, 0.8545556664466858, 1.8229286968818315e-09, 0.5457193851470947, 0.8131964206695557, -0.03470916301012039, 0.6116449236869812, 0.7307237982749939, -0.054256848990917206, 0.6398323178291321, 0.6438271403312683, -0.0756843239068985, 0.6340712308883667, 0.5630008578300476, -0.09359447658061981, 0.5608119368553162, 0.6045487523078918, 0.013536318205296993, 0.5928764939308167, 0.5327751040458679, 0.0032562243286520243, 0.607308566570282, 0.5297056436538696, -0.0010909161064773798, 0.6134315729141235, 0.5473255515098572, -0.004846177529543638, 0.5178028345108032, 0.5678644180297852, 0.009714306332170963, 0.5358366966247559, 0.45533913373947144, 0.006318363826721907, 0.5497092008590698, 0.3833065927028656, -0.010115163400769234, 0.5630706548690796, 0.32262495160102844, -0.02595149166882038, 0.4692184627056122, 0.5611535906791687, -0.003097977489233017, 0.469137579202652, 0.4529973864555359, -0.00308122206479311, 0.4758059084415436, 0.38270702958106995, -0.014405529946088791, 0.4853043854236603, 0.3305129408836365, -0.027792440727353096, 0.4167698919773102, 0.5789952874183655, -0.022457100450992584, 0.39771178364753723, 0.4855751395225525, -0.022736726328730583, 0.3905668258666992, 0.42295998334884644, -0.027603143826127052, 0.39070284366607666, 0.3703472912311554, -0.03435496240854263,super victory
0.4625570774078369, 0.8581253290176392, 4.448635237963572e-09, 0.5450484156608582, 0.8123785257339478, -0.03587799891829491, 0.6120264530181885, 0.7311369776725769, -0.057147931307554245, 0.6437337398529053, 0.6462938189506531, -0.0800071507692337, 0.6367676258087158, 0.5666868090629578, -0.09886082261800766, 0.558133065700531, 0.605067789554596, 0.011428204365074635, 0.5921245813369751, 0.5298305749893188, -0.0005761065403930843, 0.607593297958374, 0.5318010449409485, -0.005636477842926979, 0.6134058237075806, 0.5549610257148743, -0.009297197684645653, 0.5156641602516174, 0.5673832893371582, 0.008295679464936256, 0.5329368114471436, 0.45339661836624146, 0.0047570629976689816, 0.5468918085098267, 0.3850706219673157, -0.012364410795271397, 0.5607447028160095, 0.32572072744369507, -0.02881154976785183, 0.46805667877197266, 0.5591325759887695, -0.003970877733081579, 0.4676746726036072, 0.4484846591949463, -0.0032883055973798037, 0.4708973467350006, 0.37994784116744995, -0.014827785082161427, 0.4777432680130005, 0.32806748151779175, -0.028775310143828392, 0.417397141456604, 0.574489176273346, -0.022937137633562088, 0.3971986770629883, 0.4799729585647583, -0.021482186391949654, 0.38882923126220703, 0.41753852367401123, -0.025964582338929176, 0.38888871669769287, 0.3639013469219208, -0.03307575359940529,super victory
0.42551514506340027, 0.8950293064117432, 4.071285975015826e-09, 0.4991731345653534, 0.8801337480545044, -0.07111936062574387, 0.5739578008651733, 0.8012394309043884, -0.11426658183336258, 0.6092948317527771, 0.7205190062522888, -0.15141312777996063, 0.5913897156715393, 0.6474178433418274, -0.18252457678318024, 0.533930778503418, 0.6049788594245911, -0.057688407599925995, 0.5668379068374634, 0.5244313478469849, -0.08457875996828079, 0.5772761106491089, 0.5538036823272705, -0.0922793596982956, 0.5753495693206787, 0.6061737537384033, -0.09966858476400375, 0.47873547673225403, 0.5656626224517822, -0.051840201020240784, 0.49015703797340393, 0.4226699471473694, -0.08080483227968216, 0.49685800075531006, 0.3300235867500305, -0.10733778774738312, 0.5009227991104126, 0.25144878029823303, -0.13062869012355804, 0.41602739691734314, 0.570002555847168, -0.05483569577336311, 0.4005398452281952, 0.44040828943252563, -0.07802573591470718, 0.3929499685764313, 0.3495344817638397, -0.09906811267137527, 0.3892229497432709, 0.2774334251880646, -0.11727038025856018, 0.34805577993392944, 0.608947217464447, -0.06577184051275253, 0.3162786364555359, 0.506633460521698, -0.08213788270950317, 0.2984062731266022, 0.44210755825042725, -0.093685083091259, 0.28581702709198, 0.3875541090965271, -0.10470542311668396,super victory
0.41777244210243225, 0.9298542737960815, 4.801092412520802e-09, 0.49925750494003296, 0.8994925022125244, -0.07976413518190384, 0.5779402256011963, 0.8163105249404907, -0.12820197641849518, 0.6119089722633362, 0.7299088835716248, -0.1695156693458557, 0.5783360600471497, 0.6650006771087646, -0.2040642648935318, 0.5204989910125732, 0.6107963919639587, -0.06276798993349075, 0.5562843680381775, 0.5313073396682739, -0.08768942952156067, 0.577379584312439, 0.5619431138038635, -0.09473413974046707, 0.577924370765686, 0.6103268265724182, -0.10248963534832001, 0.4664585292339325, 0.5697492361068726, -0.053551096469163895, 0.47669804096221924, 0.42058002948760986, -0.07247773557901382, 0.4875664710998535, 0.32645922899246216, -0.09694600850343704, 0.4884514808654785, 0.24152010679244995, -0.12273307144641876, 0.40644001960754395, 0.5728855133056641, -0.05396919697523117, 0.39506858587265015, 0.44060271978378296, -0.06680161505937576, 0.39193546772003174, 0.3511136472225189, -0.08887460082769394, 0.38639846444129944, 0.2752681374549866, -0.11194583773612976, 0.342338502407074, 0.6117295622825623, -0.06355845928192139, 0.3009428381919861, 0.5100964903831482, -0.07175122201442719, 0.2735646963119507, 0.44684386253356934, -0.08283974975347519, 0.25246694684028625, 0.39087730646133423, -0.09630803018808365,super victory
0.4173201024532318, 0.9470208883285522, 4.274534948223163e-09, 0.5031390190124512, 0.9025311470031738, -0.07138269394636154, 0.5827500224113464, 0.8178013563156128, -0.11964055150747299, 0.6174320578575134, 0.7311932444572449, -0.1630551517009735, 0.5833544731140137, 0.6623151302337646, -0.19898991286754608, 0.5222097635269165, 0.6156786680221558, -0.05582374334335327, 0.5587469935417175, 0.5277996063232422, -0.07969848066568375, 0.574725866317749, 0.5615479946136475, -0.08501102030277252, 0.5716290473937988, 0.6122159361839294, -0.09154971688985825, 0.46582117676734924, 0.574012279510498, -0.05228668451309204, 0.47653090953826904, 0.420476496219635, -0.07015348225831985, 0.48458001017570496, 0.3282005786895752, -0.09237011522054672, 0.4833596348762512, 0.2453867793083191, -0.11666794866323471, 0.4054986536502838, 0.5775989294052124, -0.057933125644922256, 0.3930516839027405, 0.4423568844795227, -0.06726470589637756, 0.3908294439315796, 0.3544241786003113, -0.08562703430652618, 0.38655656576156616, 0.2802952826023102, -0.10718338191509247, 0.341806560754776, 0.6169442534446716, -0.07254036515951157, 0.29808902740478516, 0.5161415934562683, -0.07630788534879684, 0.2692146599292755, 0.44935595989227295, -0.08498300611972809, 0.2476404458284378, 0.3873790502548218, -0.09764379262924194,super victory
0.4266878366470337, 0.9559223651885986, 6.72418654090734e-09, 0.511072039604187, 0.909900426864624, -0.06676038354635239, 0.5945792198181152, 0.8241561651229858, -0.10958018153905869, 0.6345335841178894, 0.7320727109909058, -0.1478533297777176, 0.6070688962936401, 0.6614450812339783, -0.1793179214000702, 0.5389506220817566, 0.6289730072021484, -0.04964835196733475, 0.5777370929718018, 0.5419412851333618, -0.07174025475978851, 0.589407205581665, 0.5652631521224976, -0.07725917547941208, 0.5828679203987122, 0.6077113151550293, -0.08331035822629929, 0.48113688826560974, 0.584141194820404, -0.04660744220018387, 0.4922603964805603, 0.43551018834114075, -0.06335747241973877, 0.49482840299606323, 0.34680095314979553, -0.08672430366277695, 0.487667441368103, 0.27275943756103516, -0.11107006669044495, 0.4196394681930542, 0.584479808807373, -0.052262477576732635, 0.40655332803726196, 0.4545865058898926, -0.06292466074228287, 0.40026506781578064, 0.3719741404056549, -0.08526651561260223, 0.39169779419898987, 0.3064834177494049, -0.10832788795232773, 0.35489264130592346, 0.6202036738395691, -0.06604283303022385, 0.31324511766433716, 0.5235347747802734, -0.07189752906560898, 0.28497636318206787, 0.45801085233688354, -0.0840463787317276, 0.2627359628677368, 0.399042546749115, -0.09839096665382385,super victory
0.42690256237983704, 0.9530460238456726, 6.246300809920058e-09, 0.5142974257469177, 0.9033949375152588, -0.06395692378282547, 0.5968117713928223, 0.8191121220588684, -0.10486398637294769, 0.6374893188476562, 0.7307624816894531, -0.14121878147125244, 0.6094110608100891, 0.6597208380699158, -0.17026419937610626, 0.5334293842315674, 0.6251394748687744, -0.0479440800845623, 0.5738033652305603, 0.5401372909545898, -0.0685529112815857, 0.5938012003898621, 0.5710378885269165, -0.07195259630680084, 0.5944504737854004, 0.6176733374595642, -0.07695836573839188, 0.47893768548965454, 0.5833500623703003, -0.04531281813979149, 0.48899737000465393, 0.43060123920440674, -0.06227335333824158, 0.4973384141921997, 0.3398273289203644, -0.0838097631931305, 0.49639758467674255, 0.2616698443889618, -0.10696236789226532, 0.42028579115867615, 0.5861772894859314, -0.05090412497520447, 0.40515777468681335, 0.45467260479927063, -0.06131385266780853, 0.40023478865623474, 0.3731994032859802, -0.08009073883295059, 0.3946782648563385, 0.3048320412635803, -0.10053790360689163, 0.35904574394226074, 0.6241725087165833, -0.06448476761579514, 0.31433817744255066, 0.5280250310897827, -0.06942220777273178, 0.2845795154571533, 0.4654611349105835, -0.07878711819648743, 0.2627353072166443, 0.40781092643737793, -0.09096106886863708,super victory
0.43320873379707336, 0.948327362537384, 6.266989149850133e-09, 0.5176923274993896, 0.8975273370742798, -0.06697134673595428, 0.5956911444664001, 0.8167640566825867, -0.1102404072880745, 0.641143798828125, 0.7310929298400879, -0.14998604357242584, 0.6277601718902588, 0.653613269329071, -0.18298201262950897, 0.540593147277832, 0.6212275624275208, -0.03989298641681671, 0.5827564001083374, 0.5390787124633789, -0.06076763570308685, 0.6024338006973267, 0.5651835799217224, -0.06684578955173492, 0.6036667823791504, 0.6082591414451599, -0.07316763699054718, 0.48674312233924866, 0.5777294635772705, -0.03688175231218338, 0.499616414308548, 0.4326733946800232, -0.05120409280061722, 0.5081963539123535, 0.3462887108325958, -0.07361967116594315, 0.5084162950515747, 0.27151408791542053, -0.09717264026403427, 0.42914071679115295, 0.5792149901390076, -0.04365980625152588, 0.4151839315891266, 0.45136404037475586, -0.05076851695775986, 0.4103344976902008, 0.3729671239852905, -0.06920098513364792, 0.40510785579681396, 0.3064711093902588, -0.09012315422296524, 0.36986613273620605, 0.6165551543235779, -0.05920877307653427, 0.32980626821517944, 0.5202109813690186, -0.06213660538196564, 0.30326563119888306, 0.4555917978286743, -0.07128950953483582, 0.2843283414840698, 0.394588828086853, -0.08366288244724274,super victory
0.43298524618148804, 0.9429166913032532, 5.972401240228464e-09, 0.5196444392204285, 0.8943555355072021, -0.06726521253585815, 0.5980028510093689, 0.8138303160667419, -0.11129173636436462, 0.6419451832771301, 0.727466344833374, -0.15162687003612518, 0.6275714039802551, 0.6457939743995667, -0.18506522476673126, 0.5430030822753906, 0.6208658814430237, -0.04190293699502945, 0.583449125289917, 0.5359846353530884, -0.061914920806884766, 0.6049973964691162, 0.5630447268486023, -0.06679841130971909, 0.6087281107902527, 0.6073122024536133, -0.07274061441421509, 0.48855355381965637, 0.5776293277740479, -0.03866830840706825, 0.5014184713363647, 0.43060654401779175, -0.05219646170735359, 0.5110021233558655, 0.34418419003486633, -0.07293526828289032, 0.5129991769790649, 0.26888468861579895, -0.09560374170541763, 0.43072062730789185, 0.5780665278434753, -0.044957153499126434, 0.41784584522247314, 0.45039650797843933, -0.0504283644258976, 0.4141029715538025, 0.3708886504173279, -0.06639616936445236, 0.4108421802520752, 0.3031989634037018, -0.08631141483783722, 0.37119099497795105, 0.6139724850654602, -0.060148242861032486, 0.33013802766799927, 0.5186328887939453, -0.06181224435567856, 0.3024224042892456, 0.45500239729881287, -0.06912591308355331, 0.28336960077285767, 0.39479875564575195, -0.08044196665287018,super victory
0.43996909260749817, 0.9321224689483643, 6.399553775793265e-09, 0.5241342186927795, 0.8792756795883179, -0.0670752227306366, 0.6001179218292236, 0.7990632057189941, -0.110543392598629, 0.6441072225570679, 0.716126024723053, -0.15046225488185883, 0.628484845161438, 0.6386368870735168, -0.18361440300941467, 0.5456666350364685, 0.610306441783905, -0.03852295130491257, 0.5849345922470093, 0.5298665761947632, -0.05872340500354767, 0.6027110815048218, 0.5596646666526794, -0.06479282677173615, 0.6021639108657837, 0.6032130718231201, -0.07133646309375763, 0.4924736022949219, 0.5689805746078491, -0.03496334329247475, 0.5052770376205444, 0.4262142777442932, -0.04828932136297226, 0.5142624974250793, 0.3420296311378479, -0.06999891251325607, 0.5158466696739197, 0.2687801718711853, -0.09313863515853882, 0.43556636571884155, 0.5698152184486389, -0.04123350977897644, 0.42254072427749634, 0.4424276351928711, -0.04663325846195221, 0.41850727796554565, 0.3641798794269562, -0.06315794587135315, 0.414507120847702, 0.2973211109638214, -0.08320460468530655, 0.3772066831588745, 0.6052648425102234, -0.056478746235370636, 0.3382444381713867, 0.5092461109161377, -0.05748743191361427, 0.31314411759376526, 0.44538652896881104, -0.06480715423822403, 0.2959880530834198, 0.38494670391082764, -0.07618651539087296,super victory
0.43812644481658936, 0.9274674654006958, 5.7570015421504195e-09, 0.5233057141304016, 0.8781061172485352, -0.0652364119887352, 0.5987918376922607, 0.7997449636459351, -0.10870623588562012, 0.6416119337081909, 0.715402364730835, -0.14876042306423187, 0.6277082562446594, 0.634931206703186, -0.18189221620559692, 0.5463793277740479, 0.6096420884132385, -0.0414215512573719, 0.5882500410079956, 0.5268640518188477, -0.06116406247019768, 0.6071648597717285, 0.5579158067703247, -0.06549109518527985, 0.6075280904769897, 0.605722963809967, -0.0709814578294754, 0.49259820580482483, 0.5666025280952454, -0.03892332315444946, 0.5078182816505432, 0.4242444634437561, -0.05252799764275551, 0.5170767903327942, 0.3422611951828003, -0.07268961519002914, 0.5185667276382446, 0.2707432806491852, -0.09470580518245697, 0.4359610974788666, 0.5666260719299316, -0.045547544956207275, 0.42305123805999756, 0.44242000579833984, -0.05086902529001236, 0.4188384413719177, 0.3635621666908264, -0.06622636318206787, 0.41514357924461365, 0.29636481404304504, -0.08568809926509857, 0.3780905604362488, 0.6021197438240051, -0.060808226466178894, 0.3377179503440857, 0.5078153014183044, -0.0621258020401001, 0.31085842847824097, 0.44538071751594543, -0.06879673153162003, 0.2924031913280487, 0.3872714042663574, -0.07961329072713852,super victory
0.4385656714439392, 0.9254333972930908, 5.932064617297783e-09, 0.5238664150238037, 0.8759157657623291, -0.06511405110359192, 0.5992653369903564, 0.7994071245193481, -0.10832081735134125, 0.642292320728302, 0.7163805961608887, -0.14848969876766205, 0.6296125054359436, 0.6347794532775879, -0.1818666309118271, 0.5472283363342285, 0.6084054112434387, -0.037213798612356186, 0.5869446992874146, 0.5276799201965332, -0.0573081374168396, 0.605478048324585, 0.5537595152854919, -0.06290441751480103, 0.6066175699234009, 0.5977015495300293, -0.0689983144402504, 0.49402421712875366, 0.564989447593689, -0.03475832939147949, 0.5089303851127625, 0.4243350923061371, -0.0483890064060688, 0.5184980034828186, 0.34160539507865906, -0.06924429535865784, 0.5210952758789062, 0.2696136236190796, -0.0913047045469284, 0.43754786252975464, 0.5644636154174805, -0.041946202516555786, 0.42588159441947937, 0.4406340718269348, -0.04734015092253685, 0.4228980243206024, 0.3646564781665802, -0.06273402273654938, 0.42037490010261536, 0.29976269602775574, -0.08178054541349411, 0.3796619176864624, 0.5995026230812073, -0.05792973190546036, 0.3398352563381195, 0.5065972805023193, -0.05905028060078621, 0.3140595555305481, 0.4439428150653839, -0.06582533568143845, 0.2969820499420166, 0.384932279586792, -0.076496422290802,super victory
0.43741485476493835, 0.9240919947624207, 5.22360421584267e-09, 0.5214214324951172, 0.8792804479598999, -0.0662054643034935, 0.5970656871795654, 0.8038665652275085, -0.11105912178754807, 0.6398068070411682, 0.721817135810852, -0.15257692337036133, 0.6271358728408813, 0.6398559808731079, -0.18739338219165802, 0.5494360327720642, 0.6107046008110046, -0.04317059367895126, 0.5895916819572449, 0.5290462374687195, -0.06487404555082321, 0.6054471135139465, 0.5570387244224548, -0.07051796466112137, 0.6030699610710144, 0.6057188510894775, -0.07659830152988434, 0.4950720965862274, 0.5671243071556091, -0.04085829108953476, 0.5118575692176819, 0.42543965578079224, -0.05688398331403732, 0.5199682712554932, 0.34258532524108887, -0.07832107692956924, 0.5201708674430847, 0.27179157733917236, -0.10063451528549194, 0.43758249282836914, 0.565986692905426, -0.047844529151916504, 0.4282585680484772, 0.4410408139228821, -0.05530343949794769, 0.42575716972351074, 0.36203476786613464, -0.071717269718647, 0.4227443039417267, 0.2948773503303528, -0.09142135828733444, 0.3779931664466858, 0.6009044051170349, -0.06345485895872116, 0.3386479914188385, 0.5065444111824036, -0.06631587445735931, 0.3125138282775879, 0.44321441650390625, -0.07371319085359573, 0.2940267324447632, 0.3837262988090515, -0.08484328538179398,super victory
0.4382196068763733, 0.9259983897209167, 5.512073464331024e-09, 0.5227186679840088, 0.8796671628952026, -0.0651329979300499, 0.5987890362739563, 0.8035351037979126, -0.10918937623500824, 0.6411224603652954, 0.7216072082519531, -0.15024851262569427, 0.627388596534729, 0.6407465934753418, -0.18461625277996063, 0.549852728843689, 0.6108516454696655, -0.03929426148533821, 0.5895043015480042, 0.5303875803947449, -0.059901077300310135, 0.6057319045066833, 0.5584731698036194, -0.06511154025793076, 0.6037459969520569, 0.6069245934486389, -0.07094337046146393, 0.4953470528125763, 0.5668147802352905, -0.03732536360621452, 0.5114113688468933, 0.4259352684020996, -0.05153856426477432, 0.5198467969894409, 0.3428787291049957, -0.07221964001655579, 0.5207446813583374, 0.2716612219810486, -0.09424562007188797, 0.437554270029068, 0.5657760500907898, -0.04487088322639465, 0.42807239294052124, 0.44092607498168945, -0.05067053064703941, 0.4260491728782654, 0.3604475259780884, -0.06644169986248016, 0.4235970973968506, 0.2921085059642792, -0.0860554501414299, 0.3777841031551361, 0.6008238792419434, -0.06114953011274338, 0.337696373462677, 0.5064494609832764, -0.06247431039810181, 0.31159716844558716, 0.4437806010246277, -0.06909891963005066, 0.2934262156486511, 0.38570666313171387, -0.07991766184568405,super victory
0.4393174648284912, 0.9231082201004028, 5.669385405582261e-09, 0.5243420600891113, 0.8755669593811035, -0.06263170391321182, 0.600030779838562, 0.8007596731185913, -0.10458165407180786, 0.6422271132469177, 0.7185646891593933, -0.14357209205627441, 0.6276364326477051, 0.6397127509117126, -0.17598795890808105, 0.5490679144859314, 0.611882209777832, -0.038232073187828064, 0.5894363522529602, 0.5323032736778259, -0.058545228093862534, 0.6073982119560242, 0.5582593083381653, -0.06369888037443161, 0.6079906821250916, 0.6033980846405029, -0.06944721937179565, 0.4956338107585907, 0.5676655769348145, -0.03680593892931938, 0.5112742185592651, 0.42741385102272034, -0.05113134905695915, 0.5208088755607605, 0.3439446687698364, -0.07173647731542587, 0.5230840444564819, 0.27262139320373535, -0.09366822987794876, 0.43873077630996704, 0.566376268863678, -0.04457569494843483, 0.4290568232536316, 0.4424915909767151, -0.05110367387533188, 0.427273154258728, 0.3631858229637146, -0.06742526590824127, 0.4254063367843628, 0.295986533164978, -0.08708855509757996, 0.3799881041049957, 0.6016656160354614, -0.060770440846681595, 0.3392939567565918, 0.508553147315979, -0.06284333020448685, 0.3136722445487976, 0.44643324613571167, -0.0702657699584961, 0.2964082658290863, 0.38858020305633545, -0.08150734752416611,super victory
0.4410889148712158, 0.9216541647911072, 5.588033147319038e-09, 0.5257658362388611, 0.8751978874206543, -0.0638391301035881, 0.6013473272323608, 0.800881028175354, -0.1063452661037445, 0.642975389957428, 0.7194740176200867, -0.14561979472637177, 0.6269624829292297, 0.6415231227874756, -0.17819753289222717, 0.5501306056976318, 0.6105650663375854, -0.03994663059711456, 0.5900050401687622, 0.5317173004150391, -0.06102624163031578, 0.6094805002212524, 0.5576941967010498, -0.0668715164065361, 0.6109753251075745, 0.6028099060058594, -0.07305678725242615, 0.49666857719421387, 0.5667876601219177, -0.03793095424771309, 0.5119115114212036, 0.4266167879104614, -0.0533623993396759, 0.52202308177948, 0.3431112468242645, -0.07473132014274597, 0.524186909198761, 0.27149829268455505, -0.09705403447151184, 0.4396660029888153, 0.5659713745117188, -0.04514964297413826, 0.42815208435058594, 0.44330278038978577, -0.05274999514222145, 0.42500001192092896, 0.36602434515953064, -0.06940100342035294, 0.4218653738498688, 0.3006424903869629, -0.0889371708035469, 0.3808572590351105, 0.6014736890792847, -0.06084947660565376, 0.33991149067878723, 0.509012758731842, -0.06373009085655212, 0.31397226452827454, 0.4476843476295471, -0.07144098728895187, 0.29620498418807983, 0.3907283544540405, -0.08265973627567291,super victory
0.4408190846443176, 0.9192131757736206, 5.8736886465737825e-09, 0.5256559252738953, 0.8716156482696533, -0.06121538579463959, 0.6010769605636597, 0.7963629961013794, -0.10175187140703201, 0.6431400179862976, 0.7136383652687073, -0.13949504494667053, 0.629116952419281, 0.6338363289833069, -0.17079894244670868, 0.5517565011978149, 0.6097636222839355, -0.036293018609285355, 0.5917181372642517, 0.5300921201705933, -0.0560595840215683, 0.6082087755203247, 0.5533057451248169, -0.06132249906659126, 0.6077542304992676, 0.5965979099273682, -0.06700632721185684, 0.49819687008857727, 0.5659714341163635, -0.03500281646847725, 0.513340950012207, 0.4278939962387085, -0.04906397685408592, 0.5223547220230103, 0.3454621434211731, -0.06974786520004272, 0.5243165493011475, 0.2766849100589752, -0.0914829820394516, 0.4417884051799774, 0.5646578669548035, -0.04278130456805229, 0.4313238263130188, 0.44375908374786377, -0.04959075525403023, 0.42898237705230713, 0.36751770973205566, -0.06614957749843597, 0.42684295773506165, 0.3041638731956482, -0.08551938086748123, 0.38383761048316956, 0.59921795129776, -0.05880369246006012, 0.34473946690559387, 0.50809645652771, -0.06143644079566002, 0.31970977783203125, 0.4467366337776184, -0.06929397583007812, 0.3027859330177307, 0.3902960419654846, -0.0804937481880188,super victory
0.4412052631378174, 0.9168262481689453, 6.133405339170395e-09, 0.5256593227386475, 0.8696572780609131, -0.06136251986026764, 0.6002568006515503, 0.7950405478477478, -0.10256187617778778, 0.6426681280136108, 0.7139312624931335, -0.14138370752334595, 0.629664421081543, 0.6336537599563599, -0.17414741218090057, 0.5514670610427856, 0.6096951961517334, -0.03458255156874657, 0.5914953947067261, 0.5326147079467773, -0.0555461086332798, 0.6099793910980225, 0.5543616414070129, -0.062169186770915985, 0.6112267374992371, 0.5964226722717285, -0.06868832558393478, 0.49830320477485657, 0.5657786726951599, -0.034049760550260544, 0.5141617655754089, 0.42783617973327637, -0.04900936037302017, 0.5242501497268677, 0.34470269083976746, -0.0704452246427536, 0.5275709629058838, 0.2746340334415436, -0.09255845099687576, 0.44203996658325195, 0.5642825365066528, -0.0430033877491951, 0.43190205097198486, 0.4421929717063904, -0.05080270394682884, 0.42928943037986755, 0.3627531826496124, -0.06781312823295593, 0.42689841985702515, 0.2962528169155121, -0.087459035217762, 0.384351909160614, 0.5994583964347839, -0.060334011912345886, 0.34514063596725464, 0.5082828998565674, -0.06341550499200821, 0.32010191679000854, 0.44772300124168396, -0.07107318937778473, 0.3027687668800354, 0.3923758268356323, -0.08217966556549072,super victory
0.4485871493816376, 0.9041701555252075, 4.579385759484467e-09, 0.531015157699585, 0.8532452583312988, -0.06297540664672852, 0.604648232460022, 0.7752659320831299, -0.1041245386004448, 0.648497462272644, 0.6928480267524719, -0.14255888760089874, 0.6359971761703491, 0.614028811454773, -0.17502695322036743, 0.5563466548919678, 0.5983818769454956, -0.03234429657459259, 0.5989605784416199, 0.5211157202720642, -0.052784208208322525, 0.6150466203689575, 0.5506823062896729, -0.05936774984002113, 0.6128008961677551, 0.5931189060211182, -0.06553876399993896, 0.5073384046554565, 0.5572018027305603, -0.029752083122730255, 0.5240548253059387, 0.42488208413124084, -0.04183129593729973, 0.5326521396636963, 0.3482830822467804, -0.061965517699718475, 0.5345786809921265, 0.2788105905056, -0.08329467475414276, 0.4536932408809662, 0.5561712980270386, -0.037218816578388214, 0.4464489221572876, 0.43500816822052, -0.04194324463605881, 0.4437095522880554, 0.3599438965320587, -0.057350270450115204, 0.4406036138534546, 0.29672062397003174, -0.07618901133537292, 0.3983672261238098, 0.5875944495201111, -0.05340387299656868, 0.36692339181900024, 0.4962370991706848, -0.053793732076883316, 0.34646642208099365, 0.4333299994468689, -0.06059163808822632, 0.3324831426143646, 0.3741148114204407, -0.0713195726275444,super victory
0.4536662995815277, 0.8944237232208252, 4.949555432176567e-09, 0.5367133021354675, 0.8403927683830261, -0.0593944750726223, 0.6083357334136963, 0.7598540782928467, -0.09745340049266815, 0.6486295461654663, 0.6763137578964233, -0.1336389034986496, 0.6373435258865356, 0.5945337414741516, -0.16394458711147308, 0.5586112141609192, 0.595697283744812, -0.02275940217077732, 0.5972075462341309, 0.5179630517959595, -0.04150157421827316, 0.6125361323356628, 0.5378002524375916, -0.0478159636259079, 0.6131843328475952, 0.574522852897644, -0.05316677317023277, 0.5096520781517029, 0.5550104379653931, -0.02004934474825859, 0.5261482000350952, 0.4236315190792084, -0.029828540980815887, 0.5355192422866821, 0.3474441170692444, -0.04886840283870697, 0.5408415794372559, 0.2796039581298828, -0.06858272850513458, 0.4573538899421692, 0.5531835556030273, -0.027579737827181816, 0.45084214210510254, 0.4351874589920044, -0.02991975098848343, 0.44884493947029114, 0.36542120575904846, -0.0421481691300869, 0.448114812374115, 0.3068546950817108, -0.05814485624432564, 0.4038085341453552, 0.5816798210144043, -0.04385419934988022, 0.3723573088645935, 0.49144816398620605, -0.042083512991666794, 0.3544633388519287, 0.42999351024627686, -0.04642834886908531, 0.3443683087825775, 0.37272387742996216, -0.054741762578487396,super victory
0.45520007610321045, 0.8904381990432739, 4.182772350702635e-09, 0.5389121174812317, 0.839087963104248, -0.060564491897821426, 0.6101202368736267, 0.7610915899276733, -0.10033032298088074, 0.6504933834075928, 0.6797933578491211, -0.1377779096364975, 0.6394397020339966, 0.5978698134422302, -0.16927385330200195, 0.5606428384780884, 0.5953176617622375, -0.02975114807486534, 0.6005723476409912, 0.5188575983047485, -0.04972320422530174, 0.617542028427124, 0.5425903797149658, -0.05635281279683113, 0.619335412979126, 0.5828424096107483, -0.062226079404354095, 0.5111896395683289, 0.5543001890182495, -0.026947209611535072, 0.5272589325904846, 0.4231908917427063, -0.03927271068096161, 0.5368122458457947, 0.34761613607406616, -0.05955744907259941, 0.5421910285949707, 0.2804096043109894, -0.08033664524555206, 0.45859020948410034, 0.5517724752426147, -0.03379173204302788, 0.4519158601760864, 0.4354492425918579, -0.037837665528059006, 0.4501338303089142, 0.36636611819267273, -0.05095623433589935, 0.4495474100112915, 0.30883339047431946, -0.0678144246339798, 0.4045402407646179, 0.579775333404541, -0.049198780208826065, 0.3724629282951355, 0.4899655878543854, -0.04880061373114586, 0.35373929142951965, 0.42899125814437866, -0.05394010990858078, 0.34302061796188354, 0.3726796507835388, -0.06307307630777359,super victory
0.46077099442481995, 0.8876409530639648, 3.790027847117017e-09, 0.5436663031578064, 0.8356937766075134, -0.05776478350162506, 0.6154921650886536, 0.7536377906799316, -0.09414040297269821, 0.6542587876319885, 0.6672447919845581, -0.1285565048456192, 0.6394668221473694, 0.585594892501831, -0.15744677186012268, 0.5673901438713074, 0.5956159234046936, -0.021726077422499657, 0.6045123934745789, 0.5189377069473267, -0.040671538561582565, 0.6197081804275513, 0.539524257183075, -0.04717833548784256, 0.6209032535552979, 0.5755093693733215, -0.05255955457687378, 0.5190587639808655, 0.5548922419548035, -0.019475605338811874, 0.533149778842926, 0.4261798858642578, -0.029580550268292427, 0.5428098440170288, 0.3508964478969574, -0.0491434782743454, 0.5500810146331787, 0.2818296551704407, -0.06923076510429382, 0.4672410190105438, 0.5515648126602173, -0.027396949008107185, 0.4612089991569519, 0.4335361123085022, -0.03071444109082222, 0.4606688916683197, 0.3615610599517822, -0.044411446899175644, 0.46198901534080505, 0.3030613362789154, -0.06127968803048134, 0.41396498680114746, 0.5773157477378845, -0.04379195347428322, 0.3876990079879761, 0.48414814472198486, -0.043317973613739014, 0.37313154339790344, 0.42076948285102844, -0.04901795834302902, 0.36611396074295044, 0.3635423183441162, -0.05836234614253044,super victory
0.460112065076828, 0.8812167644500732, 4.930432506711213e-09, 0.5431296229362488, 0.8326741456985474, -0.061179134994745255, 0.6129226088523865, 0.754307746887207, -0.09968098998069763, 0.6508464217185974, 0.671684741973877, -0.13626928627490997, 0.6433522701263428, 0.5871618390083313, -0.16782759130001068, 0.5670121312141418, 0.5943911671638489, -0.02428915537893772, 0.6043189764022827, 0.516644299030304, -0.04536841809749603, 0.6229430437088013, 0.5307875871658325, -0.05450126901268959, 0.6280195116996765, 0.5629073977470398, -0.061373502016067505, 0.5183374881744385, 0.5538043975830078, -0.020835882052779198, 0.5333327651023865, 0.425010085105896, -0.03301987424492836, 0.5432310700416565, 0.3506479561328888, -0.05416841432452202, 0.549994170665741, 0.284564733505249, -0.07459675520658493, 0.4666896164417267, 0.5499262809753418, -0.027869481593370438, 0.45977240800857544, 0.433566689491272, -0.032595232129096985, 0.45816779136657715, 0.36419811844825745, -0.04627355560660362, 0.4587879180908203, 0.3071262836456299, -0.06276918947696686, 0.4136883020401001, 0.5746028423309326, -0.04375813528895378, 0.38660475611686707, 0.4830448627471924, -0.04441389441490173, 0.3718082010746002, 0.4224860966205597, -0.049733079969882965, 0.364965558052063, 0.3673754334449768, -0.05836474150419235,super victory
0.4636881351470947, 0.8741906881332397, 6.299333277226538e-10, 0.5450727939605713, 0.826289176940918, -0.05278391018509865, 0.6139411926269531, 0.744066596031189, -0.08492527902126312, 0.6509574055671692, 0.6581653952598572, -0.11639105528593063, 0.6498239636421204, 0.5712079405784607, -0.14472299814224243, 0.5744752883911133, 0.5920685529708862, -0.012709672562777996, 0.6107251644134521, 0.5167970061302185, -0.03287292644381523, 0.6255131959915161, 0.5257145762443542, -0.04326849430799484, 0.6284500956535339, 0.552726686000824, -0.05103999748826027, 0.5264378786087036, 0.5539764761924744, -0.012718538753688335, 0.5436188578605652, 0.42896729707717896, -0.026241697371006012, 0.5526201725006104, 0.3547651469707489, -0.050786301493644714, 0.5611618161201477, 0.28858858346939087, -0.07296977192163467, 0.4765986502170563, 0.5493455529212952, -0.022880414500832558, 0.4777081608772278, 0.431674599647522, -0.03206000104546547, 0.4809742867946625, 0.35737890005111694, -0.05191066116094589, 0.4869150221347809, 0.2973361015319824, -0.07136707007884979, 0.4263824224472046, 0.5708415508270264, -0.04075564071536064, 0.4116530418395996, 0.4707292914390564, -0.047474153339862823, 0.40452221035957336, 0.40746042132377625, -0.05815573036670685, 0.4046998620033264, 0.3510054647922516, -0.06997278332710266,super victory
0.4647369086742401, 0.8693063259124756, 1.6709480465948445e-09, 0.5476086735725403, 0.8256028294563293, -0.05257652327418327, 0.6158945560455322, 0.7446563839912415, -0.08483821153640747, 0.6494277715682983, 0.6583678126335144, -0.11644962430000305, 0.6466154456138611, 0.572036623954773, -0.1448509246110916, 0.5760501623153687, 0.5946357846260071, -0.01766442134976387, 0.6143029928207397, 0.5172067880630493, -0.038809098303318024, 0.6318387389183044, 0.5255321860313416, -0.0488552525639534, 0.6380918622016907, 0.5518633723258972, -0.0562078021466732, 0.5284426808357239, 0.5554225444793701, -0.017568761482834816, 0.5449932813644409, 0.4281103312969208, -0.03160093352198601, 0.5544414520263672, 0.3548016846179962, -0.054846469312906265, 0.563119113445282, 0.28955966234207153, -0.07616531103849411, 0.47848814725875854, 0.5491054058074951, -0.02723921462893486, 0.47921067476272583, 0.42986851930618286, -0.036302339285612106, 0.48326778411865234, 0.3561660945415497, -0.054979108273983, 0.48945924639701843, 0.2971601188182831, -0.07383009046316147, 0.4265801012516022, 0.5690475106239319, -0.0445488877594471, 0.40761178731918335, 0.4696353077888489, -0.050816189497709274, 0.3970668315887451, 0.40438318252563477, -0.060615867376327515, 0.39431145787239075, 0.34593909978866577, -0.07195241004228592,super victory
0.4727429747581482, 0.8474527597427368, 4.39520952966177e-09, 0.5612019300460815, 0.7872849106788635, -0.010515032336115837, 0.6170351505279541, 0.6804069876670837, -0.017536746338009834, 0.6139907240867615, 0.5795068740844727, -0.03452908620238304, 0.5854147672653198, 0.5120756030082703, -0.04743298888206482, 0.5871723294258118, 0.5893564820289612, 0.05960783362388611, 0.6312221884727478, 0.49383193254470825, 0.05133703351020813, 0.6563858985900879, 0.44603872299194336, 0.04326961934566498, 0.6779139041900635, 0.39571577310562134, 0.03461091220378876, 0.536471962928772, 0.5667102932929993, 0.03988783806562424, 0.5463734269142151, 0.4347388744354248, 0.023913372308015823, 0.5614765882492065, 0.3629024028778076, 0.0024213166907429695, 0.5739418268203735, 0.30148178339004517, -0.01221541129052639, 0.4888138175010681, 0.5707487463951111, 0.010803066194057465, 0.5197604894638062, 0.489904522895813, -0.02168743498623371, 0.5321081280708313, 0.5714292526245117, -0.030077140778303146, 0.5316534042358398, 0.6306395530700684, -0.024810396134853363, 0.44274213910102844, 0.5906854867935181, -0.023310987278819084, 0.48716050386428833, 0.5297041535377502, -0.04693206399679184, 0.5022201538085938, 0.5928547978401184, -0.04760994762182236, 0.5028505921363831, 0.6528334617614746, -0.04151430353522301,super victory
0.48560982942581177, 0.8224780559539795, 2.1151909113115153e-09, 0.5641194581985474, 0.7828900814056396, -0.011579850688576698, 0.6171777844429016, 0.6817184090614319, -0.01949176751077175, 0.6093656420707703, 0.5861546397209167, -0.034845877438783646, 0.5640720725059509, 0.5353084206581116, -0.0459773875772953, 0.5928099751472473, 0.5868939757347107, 0.039460115134716034, 0.6385397911071777, 0.5116342902183533, 0.028835538774728775, 0.6595093011856079, 0.4675523340702057, 0.022699469700455666, 0.6741372346878052, 0.42467784881591797, 0.015346445143222809, 0.5447952747344971, 0.5622345209121704, 0.02050100266933441, 0.5594586730003357, 0.43555569648742676, 0.001373282284475863, 0.5714551210403442, 0.36817076802253723, -0.015550562180578709, 0.579479455947876, 0.31255725026130676, -0.027127724140882492, 0.49738240242004395, 0.5672128796577454, -0.00630229851230979, 0.5282049179077148, 0.486661434173584, -0.04031842201948166, 0.5404975414276123, 0.5725401043891907, -0.045654986053705215, 0.5395094752311707, 0.6343522071838379, -0.03840070217847824, 0.45345330238342285, 0.5938724875450134, -0.037686239928007126, 0.4914141297340393, 0.5501244068145752, -0.06170849874615669, 0.5079498887062073, 0.6155474185943604, -0.06152239069342613, 0.5106688141822815, 0.6702067852020264, -0.05485972762107849,super victory
0.48731157183647156, 0.8207430243492126, 2.9771243248433166e-09, 0.5615504384040833, 0.7841949462890625, -0.01303248479962349, 0.6161098480224609, 0.6867786049842834, -0.023574091494083405, 0.609626829624176, 0.5951431393623352, -0.04133018106222153, 0.5695825815200806, 0.544081449508667, -0.05518900975584984, 0.5911283493041992, 0.5867571234703064, 0.03217211365699768, 0.6374830007553101, 0.512175440788269, 0.01772461086511612, 0.660020112991333, 0.46887916326522827, 0.008723548613488674, 0.6765365600585938, 0.4280380308628082, -6.846688484074548e-05, 0.5437945127487183, 0.5635665655136108, 0.013670194894075394, 0.5563247799873352, 0.4365118145942688, -0.009737118147313595, 0.5676592588424683, 0.3693317472934723, -0.02857787162065506, 0.5768461227416992, 0.3155063986778259, -0.0408824123442173, 0.49848371744155884, 0.5694641470909119, -0.012271116487681866, 0.5283938050270081, 0.49012699723243713, -0.047932740300893784, 0.5375815033912659, 0.573610246181488, -0.05123927816748619, 0.5345494747161865, 0.6349309682846069, -0.04256328567862511, 0.4547562301158905, 0.5956439971923828, -0.04294940456748009, 0.4914131164550781, 0.5440763235092163, -0.0681605264544487, 0.5048372745513916, 0.6072037816047668, -0.06656812131404877, 0.5050190091133118, 0.6622300744056702, -0.058672674000263214,super victory
0.48463696241378784, 0.8194127082824707, 2.3350534839039483e-09, 0.559553861618042, 0.7766144275665283, -0.016654163599014282, 0.6059255599975586, 0.671989381313324, -0.026805682107806206, 0.5855532288551331, 0.578116774559021, -0.04307665675878525, 0.5404965281486511, 0.5305396318435669, -0.05491913482546806, 0.5858863592147827, 0.5932278037071228, 0.030246591195464134, 0.6383126974105835, 0.5132200121879578, 0.018157104030251503, 0.6652638912200928, 0.46761012077331543, 0.010064627043902874, 0.6831820011138916, 0.4265052080154419, 0.0019969206769019365, 0.5369762778282166, 0.5680840015411377, 0.016730545088648796, 0.546888530254364, 0.43672025203704834, -0.003168870462104678, 0.5588271021842957, 0.36069193482398987, -0.023902958258986473, 0.5637488961219788, 0.30188798904418945, -0.03796202689409256, 0.49224457144737244, 0.573936939239502, -0.004041687585413456, 0.519010066986084, 0.5095670223236084, -0.03426119685173035, 0.5323033928871155, 0.5926005840301514, -0.04027431085705757, 0.5274404883384705, 0.6510626673698425, -0.03343232348561287, 0.447578489780426, 0.5977050065994263, -0.02983802556991577, 0.47966063022613525, 0.5452595949172974, -0.05064702033996582, 0.4933798611164093, 0.6007716059684753, -0.05090609937906265, 0.4917226731777191, 0.6507205963134766, -0.04450498893857002,super victory
0.48528429865837097, 0.8143104910850525, 2.1737878164174163e-09, 0.5597766637802124, 0.7744035720825195, -0.015571324154734612, 0.6085287928581238, 0.669820249080658, -0.023747138679027557, 0.5872241854667664, 0.5780764222145081, -0.03814040124416351, 0.5388323068618774, 0.5375915169715881, -0.048357244580984116, 0.587602972984314, 0.5870704054832458, 0.032965563237667084, 0.6374813318252563, 0.5087570548057556, 0.022332439199090004, 0.6634736657142639, 0.4639444649219513, 0.01540381833910942, 0.6806927919387817, 0.42467981576919556, 0.008190854452550411, 0.5388264060020447, 0.5627395510673523, 0.019275669008493423, 0.5510911345481873, 0.4352952837944031, 0.0018338640220463276, 0.5630149841308594, 0.36315470933914185, -0.017039600759744644, 0.5681591033935547, 0.30740663409233093, -0.029918357729911804, 0.4937897324562073, 0.5686646103858948, -0.001802608952857554, 0.5200620889663696, 0.5056155920028687, -0.030457593500614166, 0.5302771925926208, 0.5880691409111023, -0.036446522921323776, 0.5249326825141907, 0.6460142731666565, -0.029964128509163857, 0.44929924607276917, 0.5919606685638428, -0.027944618836045265, 0.4826192557811737, 0.5461412668228149, -0.04820399731397629, 0.49332982301712036, 0.6030557751655579, -0.04870676249265671, 0.49057722091674805, 0.6518491506576538, -0.042545169591903687,super victory
0.44800180196762085, 0.8256670236587524, -9.610997553366474e-10, 0.5289121270179749, 0.7870753407478333, -0.01747620478272438, 0.5781970024108887, 0.6808752417564392, -0.025858379900455475, 0.5733358263969421, 0.5793396830558777, -0.04055684059858322, 0.5458067655563354, 0.519483745098114, -0.051010847091674805, 0.5707441568374634, 0.5924575924873352, 0.031234776601195335, 0.6300109624862671, 0.5003919005393982, 0.018848726525902748, 0.6633933782577515, 0.4463346600532532, 0.00747733935713768, 0.6863056421279907, 0.39650654792785645, -0.003100478556007147, 0.5205643177032471, 0.5649461150169373, 0.019333187490701675, 0.5277682542800903, 0.42892390489578247, -0.003198016434907913, 0.5323448181152344, 0.34459182620048523, -0.02965223416686058, 0.5303098559379578, 0.278652161359787, -0.04746347665786743, 0.47357335686683655, 0.5690621137619019, 0.000284882087726146, 0.5054923295974731, 0.505470335483551, -0.03004753775894642, 0.5253579020500183, 0.5769591331481934, -0.041958197951316833, 0.5230777859687805, 0.6356502771377563, -0.03891659528017044, 0.4270230531692505, 0.5876953601837158, -0.023908283561468124, 0.46698644757270813, 0.5378445982933044, -0.04491080716252327, 0.4956129491329193, 0.5600453019142151, -0.052773937582969666, 0.505633533000946, 0.586260199546814, -0.05227355286478996,super victory
0.444705069065094, 0.8321709036827087, -2.436896684443468e-09, 0.5272338390350342, 0.7847614884376526, -0.01468020398169756, 0.5760031342506409, 0.6784729957580566, -0.01994575932621956, 0.5698522925376892, 0.5752317905426025, -0.03348533809185028, 0.5476676821708679, 0.5239036083221436, -0.04370492696762085, 0.5726354718208313, 0.5941243171691895, 0.04134022444486618, 0.6294082999229431, 0.4990888833999634, 0.031738024204969406, 0.6626193523406982, 0.44342654943466187, 0.021570444107055664, 0.6861070394515991, 0.39314621686935425, 0.011204030364751816, 0.5233885049819946, 0.5664710402488708, 0.025423254817724228, 0.5308334827423096, 0.43179434537887573, 0.0069377487525343895, 0.5374758243560791, 0.34600669145584106, -0.019255390390753746, 0.5386874675750732, 0.27885714173316956, -0.038005851209163666, 0.4749383330345154, 0.5688815712928772, 0.0013553681783378124, 0.5059075355529785, 0.5133438110351562, -0.029522571712732315, 0.5206825137138367, 0.5807610750198364, -0.04627734050154686, 0.5181654095649719, 0.6362577080726624, -0.04715464636683464, 0.4265487492084503, 0.583501398563385, -0.028007641434669495, 0.4661601185798645, 0.5404717326164246, -0.05144212394952774, 0.4924054443836212, 0.5640261173248291, -0.06300047785043716, 0.5040712952613831, 0.5900924205780029, -0.06565814465284348,super victory
0.39138996601104736, 0.8912438154220581, 4.160442212963744e-09, 0.46112966537475586, 0.8662447333335876, -0.035676006227731705, 0.5044669508934021, 0.7701430320739746, -0.0731753334403038, 0.46874189376831055, 0.6808542013168335, -0.11580053716897964, 0.42257723212242126, 0.627555787563324, -0.1570819914340973, 0.5216721296310425, 0.5868483781814575, -0.03667953982949257, 0.5821691751480103, 0.47494757175445557, -0.08014404028654099, 0.6237358450889587, 0.39175331592559814, -0.11704104393720627, 0.6544479727745056, 0.32380425930023193, -0.146196186542511, 0.451741486787796, 0.56672203540802, -0.055153027176856995, 0.4476039409637451, 0.4076699912548065, -0.1056479662656784, 0.4439530670642853, 0.2990535795688629, -0.14518225193023682, 0.4366455078125, 0.21801871061325073, -0.17365822196006775, 0.38942182064056396, 0.5949729681015015, -0.07871459424495697, 0.3880748748779297, 0.5289826989173889, -0.1244606152176857, 0.4065605103969574, 0.6086926460266113, -0.13136574625968933, 0.4132194519042969, 0.6757704019546509, -0.12841686606407166, 0.3328503966331482, 0.6512381434440613, -0.11065710335969925, 0.33961474895477295, 0.6077151298522949, -0.14154063165187836, 0.35915762186050415, 0.6643717288970947, -0.1416626274585724, 0.36982887983322144, 0.717370331287384, -0.1367645114660263,super victory
0.39430707693099976, 0.9131293296813965, -2.168167201332949e-09, 0.46940726041793823, 0.8626777529716492, -0.03753135725855827, 0.5063233375549316, 0.7573783993721008, -0.07436544448137283, 0.45496127009391785, 0.6719154715538025, -0.1174958124756813, 0.39226874709129333, 0.6363667845726013, -0.1563272923231125, 0.5126112699508667, 0.5799994468688965, -0.0210636667907238, 0.572817325592041, 0.4648606777191162, -0.06003360077738762, 0.6132476329803467, 0.39059978723526, -0.09144708514213562, 0.6420899629592896, 0.33079949021339417, -0.116767518222332, 0.4427952468395233, 0.5646901726722717, -0.04089424014091492, 0.43440520763397217, 0.4017046391963959, -0.08493715524673462, 0.43142443895339966, 0.2925283908843994, -0.12153254449367523, 0.4231018126010895, 0.20882418751716614, -0.14869432151317596, 0.3828411400318146, 0.6003950238227844, -0.06849619746208191, 0.3834761083126068, 0.5462937355041504, -0.10993055999279022, 0.4093879461288452, 0.6259691715240479, -0.11563209444284439, 0.42006585001945496, 0.6877000331878662, -0.11139833927154541, 0.33311915397644043, 0.6650633811950684, -0.10531879216432571, 0.3452204465866089, 0.6168193221092224, -0.1324879229068756, 0.37180477380752563, 0.6702130436897278, -0.13099563121795654, 0.38716810941696167, 0.7226311564445496, -0.12482553720474243,super victory
0.39727091789245605, 0.9222585558891296, 5.029155980551536e-10, 0.4722147583961487, 0.8693739175796509, -0.037346165627241135, 0.5100933313369751, 0.762611985206604, -0.07294154912233353, 0.4563760757446289, 0.6803624629974365, -0.11433630436658859, 0.389289528131485, 0.651965320110321, -0.15154002606868744, 0.514838457107544, 0.5842933654785156, -0.024434102699160576, 0.5718087553977966, 0.46543052792549133, -0.0631612241268158, 0.6092240810394287, 0.38992446660995483, -0.09139961749315262, 0.6362197995185852, 0.32876914739608765, -0.11448243260383606, 0.44511547684669495, 0.569148063659668, -0.044882193207740784, 0.43640607595443726, 0.40009790658950806, -0.08786847442388535, 0.43132126331329346, 0.29289090633392334, -0.12010125070810318, 0.4233010411262512, 0.20913678407669067, -0.14504826068878174, 0.3852335810661316, 0.603706955909729, -0.07338306307792664, 0.382442831993103, 0.5353655815124512, -0.11712757498025894, 0.4047274589538574, 0.6181749701499939, -0.12188917398452759, 0.4155658781528473, 0.6824861764907837, -0.11701489239931107, 0.3350229859352112, 0.6657574772834778, -0.1109141930937767, 0.34819355607032776, 0.6254558563232422, -0.14115102589130402, 0.3736889958381653, 0.6834350824356079, -0.14097732305526733, 0.3911050260066986, 0.7347772121429443, -0.13556501269340515,super victory
0.4087736904621124, 0.9240684509277344, -5.876345521294013e-10, 0.48810869455337524, 0.87175452709198, -0.030945459380745888, 0.5313662886619568, 0.7640314102172852, -0.06696267426013947, 0.4869236946105957, 0.678232729434967, -0.1107369065284729, 0.425537645816803, 0.6488149762153625, -0.15005895495414734, 0.527252197265625, 0.5870074033737183, -0.018855562433600426, 0.5853391289710999, 0.46861109137535095, -0.057818636298179626, 0.6238219738006592, 0.3966454267501831, -0.08528516441583633, 0.6506609916687012, 0.3381585478782654, -0.10752415657043457, 0.45792391896247864, 0.5686403512954712, -0.04382758587598801, 0.4467647671699524, 0.39755934476852417, -0.08812176436185837, 0.44074302911758423, 0.2923193871974945, -0.11918056756258011, 0.4304776191711426, 0.21202939748764038, -0.1425464004278183, 0.39810457825660706, 0.6011626720428467, -0.0765339583158493, 0.3993443250656128, 0.5367745161056519, -0.11959303915500641, 0.4192447066307068, 0.6210795640945435, -0.12073712795972824, 0.4233936667442322, 0.6846258640289307, -0.11328690499067307, 0.3471097946166992, 0.6624332666397095, -0.1180388331413269, 0.36783915758132935, 0.6244746446609497, -0.14573316276073456, 0.3928569555282593, 0.6868502497673035, -0.14190031588077545, 0.40503162145614624, 0.7406980395317078, -0.13398025929927826,super victory
0.4099055826663971, 0.9246716499328613, -8.4638401842696e-10, 0.48581185936927795, 0.8726906776428223, -0.03392145782709122, 0.5281369090080261, 0.7649703025817871, -0.07055751234292984, 0.48212307691574097, 0.6822501420974731, -0.11485272645950317, 0.4206286370754242, 0.6500678062438965, -0.15486180782318115, 0.5268195271492004, 0.5846047401428223, -0.019541610032320023, 0.5856888294219971, 0.4670085310935974, -0.05890023335814476, 0.6219063997268677, 0.3951849639415741, -0.0866231843829155, 0.6472156643867493, 0.33421462774276733, -0.10913612693548203, 0.4566243290901184, 0.5669630169868469, -0.04398409277200699, 0.4453265964984894, 0.3999233841896057, -0.089198037981987, 0.4398267865180969, 0.29412150382995605, -0.12121569365262985, 0.43030378222465515, 0.21232861280441284, -0.14516685903072357, 0.3959166407585144, 0.5999783873558044, -0.07666458189487457, 0.4048466980457306, 0.5590639114379883, -0.12065421044826508, 0.426396906375885, 0.6498748660087585, -0.12329958379268646, 0.4296250641345978, 0.7099977731704712, -0.11624615639448166, 0.3460150957107544, 0.6590061783790588, -0.11867818981409073, 0.37108421325683594, 0.6358530521392822, -0.14767934381961823, 0.39413943886756897, 0.7002216577529907, -0.14575791358947754, 0.402687132358551, 0.748428225517273, -0.13868394494056702,super victory
0.4058188199996948, 0.9046622514724731, -4.283260857107507e-09, 0.48882344365119934, 0.8513573408126831, -0.034839704632759094, 0.5351840257644653, 0.7466223239898682, -0.07043307274580002, 0.49885207414627075, 0.6492693424224854, -0.11287671327590942, 0.4427078366279602, 0.6068428754806519, -0.14952029287815094, 0.5351018309593201, 0.5738581418991089, -0.010413749143481255, 0.5944573879241943, 0.4528389573097229, -0.0420079380273819, 0.6300899386405945, 0.38289541006088257, -0.06142924726009369, 0.656851589679718, 0.3275821805000305, -0.0786534994840622, 0.4691927134990692, 0.5533559918403625, -0.03303952515125275, 0.46383583545684814, 0.38123828172683716, -0.07094041258096695, 0.4575464427471161, 0.2827809154987335, -0.09501034021377563, 0.4512879252433777, 0.20481133460998535, -0.11232287436723709, 0.41192927956581116, 0.5823885202407837, -0.0646100640296936, 0.421156644821167, 0.49674952030181885, -0.10832462459802628, 0.43419182300567627, 0.5799239277839661, -0.10760098695755005, 0.43538784980773926, 0.6405964493751526, -0.09647791087627411, 0.36079561710357666, 0.6467439532279968, -0.1041954979300499, 0.38006699085235596, 0.5747721791267395, -0.13382470607757568, 0.40136608481407166, 0.6391818523406982, -0.12836425006389618, 0.41186201572418213, 0.7015491127967834, -0.11744827777147293,super victory
0.412282258272171, 0.8971866369247437, 8.317632138599151e-10, 0.491171270608902, 0.8448809385299683, -0.029094530269503593, 0.5376430749893188, 0.7420850992202759, -0.06422049552202225, 0.503704845905304, 0.6494210362434387, -0.10743215680122375, 0.45414742827415466, 0.6113334894180298, -0.14640182256698608, 0.5353190898895264, 0.5633769631385803, -0.006492243148386478, 0.5956984162330627, 0.44923311471939087, -0.038039810955524445, 0.6319539546966553, 0.38141554594039917, -0.06011654809117317, 0.6579190492630005, 0.32361263036727905, -0.07973411679267883, 0.4699314832687378, 0.5415547490119934, -0.03307231515645981, 0.46597716212272644, 0.37516242265701294, -0.0677717998623848, 0.46004366874694824, 0.27704793214797974, -0.09253305941820145, 0.4505070149898529, 0.1998308002948761, -0.112229123711586, 0.4125686287879944, 0.5714795589447021, -0.06822147220373154, 0.4231297969818115, 0.48293536901474, -0.11094024777412415, 0.43630900979042053, 0.5432651042938232, -0.11556681245565414, 0.43621814250946045, 0.5871460437774658, -0.11097265779972076, 0.361766517162323, 0.6376213431358337, -0.11068668961524963, 0.3884091377258301, 0.5722752213478088, -0.14126379787921906, 0.409505158662796, 0.6394491791725159, -0.1374104768037796, 0.41697418689727783, 0.7053817510604858, -0.1296238899230957,super victory
0.41344377398490906, 0.8990658521652222, 7.638228383122225e-10, 0.4932456612586975, 0.8458249568939209, -0.03389034792780876, 0.5398874878883362, 0.744328498840332, -0.07123371958732605, 0.5017203092575073, 0.6506518125534058, -0.11586311459541321, 0.44714346528053284, 0.612124502658844, -0.15556837618350983, 0.5336222052574158, 0.5644618272781372, -0.00728571554645896, 0.5957670211791992, 0.44748884439468384, -0.03903649374842644, 0.6312367916107178, 0.3795875310897827, -0.05935479700565338, 0.6570394039154053, 0.3200688660144806, -0.07760728895664215, 0.46765050292015076, 0.5415700674057007, -0.03213302791118622, 0.4640098214149475, 0.37254977226257324, -0.06713466346263885, 0.4586624503135681, 0.27576175332069397, -0.08959484100341797, 0.4516752064228058, 0.19769921898841858, -0.10708272457122803, 0.4098456799983978, 0.5704647302627563, -0.06642941385507584, 0.4235796332359314, 0.4849555492401123, -0.11173903197050095, 0.43428894877433777, 0.553687572479248, -0.11464982479810715, 0.43250223994255066, 0.5959752798080444, -0.1072443425655365, 0.3579862713813782, 0.6369159817695618, -0.10846668481826782, 0.3881247639656067, 0.5672209858894348, -0.14109450578689575, 0.40704700350761414, 0.6420031785964966, -0.13619007170200348, 0.4116719365119934, 0.7116098403930664, -0.12651318311691284,super victory
0.41274988651275635, 0.901125431060791, 3.5650669083509e-09, 0.49405333399772644, 0.8500906229019165, -0.03020493872463703, 0.5419418215751648, 0.7501140832901001, -0.0655459612607956, 0.5017436742782593, 0.6558477282524109, -0.10793483257293701, 0.44761180877685547, 0.6197686195373535, -0.14742504060268402, 0.5397637486457825, 0.5702009797096252, -0.007945025339722633, 0.598386287689209, 0.4527876079082489, -0.037933096289634705, 0.6322570443153381, 0.38060879707336426, -0.0590292364358902, 0.655968427658081, 0.31858980655670166, -0.07888436317443848, 0.4723939597606659, 0.5441230535507202, -0.03466521576046944, 0.4702976942062378, 0.3732306957244873, -0.06492992490530014, 0.4629378616809845, 0.2693302035331726, -0.08916305750608444, 0.45244747400283813, 0.18400439620018005, -0.1108722910284996, 0.41295647621154785, 0.5707547068595886, -0.07009553909301758, 0.4227866530418396, 0.4662191867828369, -0.11371933668851852, 0.43305978178977966, 0.47676151990890503, -0.1304740160703659, 0.43186965584754944, 0.47649142146110535, -0.13706067204475403, 0.36124831438064575, 0.6375532746315002, -0.11185931414365768, 0.39417126774787903, 0.5749171376228333, -0.14478179812431335, 0.4159616529941559, 0.6470369696617126, -0.1464110165834427, 0.4221959412097931, 0.7177272439002991, -0.1445571929216385,super victory
0.4119757413864136, 0.9010186195373535, 2.7095075072480768e-09, 0.49207377433776855, 0.8491866588592529, -0.03248631954193115, 0.5401110649108887, 0.7515683174133301, -0.0680021271109581, 0.5023245215415955, 0.6563296318054199, -0.11032315343618393, 0.45139026641845703, 0.6172125935554504, -0.1492508053779602, 0.5355895757675171, 0.5675696730613708, -0.005133119877427816, 0.5965456366539001, 0.4488617777824402, -0.03365574777126312, 0.6325185894966125, 0.378968745470047, -0.053222835063934326, 0.6596693396568298, 0.31898781657218933, -0.07166341692209244, 0.4694724380970001, 0.5438448190689087, -0.030094970017671585, 0.4657353460788727, 0.37375402450561523, -0.059906963258981705, 0.459891676902771, 0.27333107590675354, -0.08223856985569, 0.45232540369033813, 0.1929955780506134, -0.10135307908058167, 0.41141682863235474, 0.5717787742614746, -0.06428971886634827, 0.42338210344314575, 0.47067490220069885, -0.10818077623844147, 0.43359893560409546, 0.49857297539711, -0.1203489825129509, 0.43243008852005005, 0.512295126914978, -0.12186220288276672, 0.3603968918323517, 0.6394208073616028, -0.10528810322284698, 0.39287540316581726, 0.5690701603889465, -0.13880692422389984, 0.41381344199180603, 0.6418516039848328, -0.13829419016838074, 0.419538676738739, 0.7149072289466858, -0.13342809677124023,super victory
0.4152528643608093, 0.9018638134002686, 7.891763686984632e-09, 0.4966467320919037, 0.8520240187644958, -0.027141738682985306, 0.5464442372322083, 0.7569632530212402, -0.05922848731279373, 0.5067967176437378, 0.6655769348144531, -0.09745672345161438, 0.45169976353645325, 0.6271851658821106, -0.13644780218601227, 0.5409248471260071, 0.5758045315742493, -0.010610625147819519, 0.6012715101242065, 0.458842933177948, -0.03837737441062927, 0.634243369102478, 0.3838428854942322, -0.05998748168349266, 0.6558201909065247, 0.31713148951530457, -0.08112642168998718, 0.4767126739025116, 0.5480900406837463, -0.038644734770059586, 0.48126718401908875, 0.3773192763328552, -0.06404194235801697, 0.47263339161872864, 0.27175819873809814, -0.0911707878112793, 0.45939165353775024, 0.1801106035709381, -0.11685735732316971, 0.41852501034736633, 0.5706444382667542, -0.07393539696931839, 0.4261093735694885, 0.4402303695678711, -0.12043451517820358, 0.43805405497550964, 0.35711681842803955, -0.1594921350479126, 0.4394625723361969, 0.2731979787349701, -0.1850188970565796, 0.36565420031547546, 0.6385024189949036, -0.11283181607723236, 0.3948245346546173, 0.5634124875068665, -0.1482246369123459, 0.41856515407562256, 0.6221240162849426, -0.15922261774539948, 0.4240993559360504, 0.6914096474647522, -0.16759103536605835,super victory
0.4127870500087738, 0.9053785800933838, 6.148467512900879e-09, 0.49536749720573425, 0.8502542972564697, -0.03263961151242256, 0.5446141958236694, 0.7571330070495605, -0.0675140768289566, 0.5075110197067261, 0.6620780229568481, -0.10798294097185135, 0.45313704013824463, 0.6270346641540527, -0.1467827409505844, 0.5360924005508423, 0.5733119249343872, -0.0095698032528162, 0.600057065486908, 0.4566800892353058, -0.036950353533029556, 0.6367596387863159, 0.3846495747566223, -0.057192109525203705, 0.6624501943588257, 0.3222508132457733, -0.07692310959100723, 0.47101056575775146, 0.5480239391326904, -0.03457363694906235, 0.47200340032577515, 0.3757922947406769, -0.06109780818223953, 0.4658484160900116, 0.27087923884391785, -0.08536090701818466, 0.4554220736026764, 0.1846829652786255, -0.10767132043838501, 0.4126214385032654, 0.5746891498565674, -0.06809587776660919, 0.4256460666656494, 0.4526422619819641, -0.11226827651262283, 0.4345664381980896, 0.4257228970527649, -0.1369929313659668, 0.43112123012542725, 0.39311155676841736, -0.1499403417110443, 0.36057978868484497, 0.6465679407119751, -0.10704983025789261, 0.39269915223121643, 0.5614535212516785, -0.14215856790542603, 0.41632047295570374, 0.6258715987205505, -0.14728333055973053, 0.4210921823978424, 0.6999097466468811, -0.14858771860599518,super victory
0.4142693281173706, 0.9006195068359375, 7.662413814557567e-09, 0.49517822265625, 0.8534833192825317, -0.02787969447672367, 0.5447115898132324, 0.756181538105011, -0.060180794447660446, 0.5047380924224854, 0.6630001664161682, -0.09832333773374557, 0.44921523332595825, 0.6265943646430969, -0.13667728006839752, 0.5381860136985779, 0.574152410030365, -0.010619672946631908, 0.6005514860153198, 0.4564001262187958, -0.03819200396537781, 0.6357380151748657, 0.38304099440574646, -0.058723170310258865, 0.6604738235473633, 0.3165781795978546, -0.07856480777263641, 0.473171591758728, 0.5471887588500977, -0.03710449859499931, 0.47793883085250854, 0.37629127502441406, -0.061984408646821976, 0.470989465713501, 0.2740415632724762, -0.08561376482248306, 0.4601854383945465, 0.18683168292045593, -0.10818421840667725, 0.4167778193950653, 0.5709789395332336, -0.0711611732840538, 0.4280756115913391, 0.44619715213775635, -0.11516411602497101, 0.43792057037353516, 0.3816731870174408, -0.1469321995973587, 0.43656036257743835, 0.3111099898815155, -0.16679880023002625, 0.3686617612838745, 0.6388011574745178, -0.10959876328706741, 0.40095558762550354, 0.567595899105072, -0.14239223301410675, 0.4209996163845062, 0.6332489252090454, -0.1491692215204239, 0.42288026213645935, 0.7035884857177734, -0.15379364788532257,super victory
0.4150524437427521, 0.898431122303009, 3.491415823120292e-09, 0.49591735005378723, 0.8460947275161743, -0.03475213795900345, 0.5470569133758545, 0.7547179460525513, -0.07029744982719421, 0.5133775472640991, 0.6603679060935974, -0.11119189858436584, 0.461020827293396, 0.624855101108551, -0.14978981018066406, 0.5356132984161377, 0.5712559223175049, -0.011285821907222271, 0.5994177460670471, 0.45475566387176514, -0.0390123687684536, 0.6350967884063721, 0.3843115568161011, -0.05769024044275284, 0.6615644693374634, 0.3226710557937622, -0.07610484957695007, 0.4709351360797882, 0.5460287928581238, -0.03555380925536156, 0.4702838361263275, 0.3743759095668793, -0.06346707791090012, 0.46402066946029663, 0.27079829573631287, -0.08544771373271942, 0.4558654725551605, 0.18638339638710022, -0.10565684735774994, 0.4132656157016754, 0.5726300477981567, -0.06876785308122635, 0.428237646818161, 0.4627806544303894, -0.11439340561628342, 0.435993492603302, 0.4605870842933655, -0.13384851813316345, 0.4329027533531189, 0.44689154624938965, -0.14162972569465637, 0.36339622735977173, 0.6426334977149963, -0.10804575681686401, 0.39728593826293945, 0.5661817193031311, -0.14444230496883392, 0.41977816820144653, 0.6359026432037354, -0.1477769911289215, 0.42532554268836975, 0.7103143930435181, -0.14651493728160858,super victory
0.41545939445495605, 0.9015145301818848, 7.581786753974029e-09, 0.49702316522598267, 0.8508654236793518, -0.027237901464104652, 0.5469610691070557, 0.7576742172241211, -0.05865384265780449, 0.5108206868171692, 0.6634609699249268, -0.09606002271175385, 0.45910319685935974, 0.6230025887489319, -0.1339636743068695, 0.5374980568885803, 0.574756383895874, -0.007507339119911194, 0.6009076833724976, 0.4570288062095642, -0.03266546502709389, 0.6343766450881958, 0.3829837441444397, -0.05138344690203667, 0.656795859336853, 0.3175285756587982, -0.07075415551662445, 0.4739612936973572, 0.5477129817008972, -0.035726048052310944, 0.4805677831172943, 0.3770015835762024, -0.0587606355547905, 0.4736645519733429, 0.27211830019950867, -0.08298331499099731, 0.4623543918132782, 0.18430867791175842, -0.1066696047782898, 0.41637173295021057, 0.5718891620635986, -0.07153955847024918, 0.42616304755210876, 0.44127508997917175, -0.11784227192401886, 0.4367750287055969, 0.3641088008880615, -0.1553591936826706, 0.4370695650577545, 0.28656306862831116, -0.17924633622169495, 0.3656473159790039, 0.6422004699707031, -0.11092789471149445, 0.39926332235336304, 0.5662094950675964, -0.14747244119644165, 0.42347246408462524, 0.6268433332443237, -0.15809525549411774, 0.4289381206035614, 0.6992818117141724, -0.16550643742084503,super victory
0.4189803898334503, 0.8987967371940613, 5.445636386269825e-09, 0.4987789988517761, 0.8421908617019653, -0.028789307922124863, 0.5454159379005432, 0.7478722929954529, -0.060844264924526215, 0.5096616744995117, 0.6536270380020142, -0.09900680184364319, 0.4618971049785614, 0.6175979971885681, -0.13651059567928314, 0.5373066067695618, 0.570328414440155, -0.005397015251219273, 0.6001924276351929, 0.4558732807636261, -0.031265370547771454, 0.6348824501037598, 0.3841211795806885, -0.05147286877036095, 0.6597203016281128, 0.3212330639362335, -0.07138266414403915, 0.47459676861763, 0.5461141467094421, -0.031388916075229645, 0.47606995701789856, 0.3757091760635376, -0.056471940129995346, 0.4684445261955261, 0.2711144983768463, -0.08184801042079926, 0.457478404045105, 0.18494930863380432, -0.10539376735687256, 0.4181622862815857, 0.571766197681427, -0.06543059647083282, 0.4287429749965668, 0.44836390018463135, -0.10871899127960205, 0.43955373764038086, 0.4069644510746002, -0.1376238912343979, 0.439175546169281, 0.3642807602882385, -0.15448594093322754, 0.3681831955909729, 0.6417207717895508, -0.10416687279939651, 0.39781031012535095, 0.5596838593482971, -0.13893574476242065, 0.4224325120449066, 0.6208480596542358, -0.14630061388015747, 0.429034024477005, 0.6937040090560913, -0.15006209909915924,super victory
0.42016246914863586, 0.8966757655143738, 2.6421911325513747e-09, 0.4996146559715271, 0.8383632898330688, -0.03172710910439491, 0.5464813113212585, 0.7450597286224365, -0.0668627917766571, 0.5129152536392212, 0.6525992155075073, -0.10859526693820953, 0.4648607075214386, 0.6167652010917664, -0.14715558290481567, 0.537147581577301, 0.5681494474411011, -0.006128327455371618, 0.5984153747558594, 0.4514370560646057, -0.03373295068740845, 0.6335761547088623, 0.38184529542922974, -0.053253524005413055, 0.6598858833312988, 0.32130002975463867, -0.07209833711385727, 0.4737529754638672, 0.5452970266342163, -0.03139542043209076, 0.4697566628456116, 0.3758101463317871, -0.06052059307694435, 0.4636033773422241, 0.27365797758102417, -0.08369550853967667, 0.4557374119758606, 0.19278323650360107, -0.10406114906072617, 0.41708841919898987, 0.57279372215271, -0.06544681638479233, 0.4292697310447693, 0.46665486693382263, -0.10912477225065231, 0.4400198757648468, 0.4849129617214203, -0.12333101779222488, 0.439229816198349, 0.4942881464958191, -0.12689167261123657, 0.36559441685676575, 0.6416665315628052, -0.10575775802135468, 0.3954271674156189, 0.5615125298500061, -0.14005282521247864, 0.41969144344329834, 0.627779483795166, -0.14096245169639587, 0.4276059865951538, 0.7018914222717285, -0.13746219873428345,super victory
0.41893476247787476, 0.8965954184532166, 5.214372045259097e-09, 0.5005571246147156, 0.8407821655273438, -0.029844533652067184, 0.5465911626815796, 0.7434580326080322, -0.06141667068004608, 0.508224606513977, 0.645301103591919, -0.09865297377109528, 0.4596977233886719, 0.6093329191207886, -0.13472972810268402, 0.5393396615982056, 0.5755930542945862, -0.007416684180498123, 0.6000558137893677, 0.45521312952041626, -0.03268149867653847, 0.6328266859054565, 0.3810734748840332, -0.05044878274202347, 0.6569132804870605, 0.31604909896850586, -0.0685751885175705, 0.47556349635124207, 0.5496667623519897, -0.032405246049165726, 0.4790416657924652, 0.3810305595397949, -0.056553296744823456, 0.47223880887031555, 0.2786027789115906, -0.0780920460820198, 0.4634704291820526, 0.1916504204273224, -0.0986962765455246, 0.41948941349983215, 0.5740220546722412, -0.0655517727136612, 0.4312843680381775, 0.45422857999801636, -0.10900826752185822, 0.4399232864379883, 0.41721028089523315, -0.13420920073986053, 0.43886834383010864, 0.3744277358055115, -0.1478891521692276, 0.37051254510879517, 0.6434966325759888, -0.10354854166507721, 0.40204042196273804, 0.5634878873825073, -0.13830818235874176, 0.4245753586292267, 0.6273874044418335, -0.1438072919845581, 0.42964181303977966, 0.6998587250709534, -0.14559581875801086,super victory
0.4188287556171417, 0.897429883480072, 4.831007149874722e-09, 0.4999579191207886, 0.8402020931243896, -0.027259014546871185, 0.5453971028327942, 0.7433841824531555, -0.058404143899679184, 0.5080339312553406, 0.6459717750549316, -0.09544609487056732, 0.4594041705131531, 0.611600399017334, -0.13150247931480408, 0.5381559133529663, 0.573951780796051, -0.006259816233068705, 0.5991750955581665, 0.456262469291687, -0.03073805756866932, 0.6331414580345154, 0.3828757703304291, -0.04909437522292137, 0.6587039232254028, 0.3196249008178711, -0.06797082722187042, 0.47524210810661316, 0.5487880706787109, -0.03227313980460167, 0.4763563573360443, 0.3764384388923645, -0.056148480623960495, 0.47054293751716614, 0.27012088894844055, -0.07962996512651443, 0.4621008634567261, 0.18272361159324646, -0.10195136815309525, 0.4193713665008545, 0.5739275813102722, -0.06582210958003998, 0.4322880506515503, 0.4484238624572754, -0.10829254239797592, 0.44435250759124756, 0.4061205983161926, -0.13552448153495789, 0.44548314809799194, 0.3606399893760681, -0.15118908882141113, 0.3701143264770508, 0.6454550623893738, -0.10374750941991806, 0.4029076099395752, 0.5560337901115417, -0.13807761669158936, 0.42553409934043884, 0.6176720261573792, -0.14417704939842224, 0.42929476499557495, 0.6925138235092163, -0.14692892134189606,super victory
0.41729897260665894, 0.8930655121803284, 3.1824956003845273e-09, 0.5006560683250427, 0.8381752967834473, -0.026570454239845276, 0.5489497184753418, 0.7434669137001038, -0.05684523656964302, 0.5142342448234558, 0.6465048789978027, -0.09375215321779251, 0.4664615988731384, 0.6113981008529663, -0.12860333919525146, 0.5423443913459778, 0.5706961154937744, -0.0011666161008179188, 0.6028242111206055, 0.45355576276779175, -0.025371672585606575, 0.6364620327949524, 0.38282573223114014, -0.04236028343439102, 0.6611769199371338, 0.3208105266094208, -0.059943780303001404, 0.4789901375770569, 0.5448125004768372, -0.02783610299229622, 0.4791339337825775, 0.37576255202293396, -0.05215989053249359, 0.4718930721282959, 0.27351030707359314, -0.07275723665952682, 0.46293097734451294, 0.18982261419296265, -0.09245521575212479, 0.42246511578559875, 0.5699708461761475, -0.06284399330615997, 0.43056464195251465, 0.4596219062805176, -0.1046496108174324, 0.4368608295917511, 0.4486054480075836, -0.12397847324609756, 0.4353148341178894, 0.4296954572200775, -0.1328592449426651, 0.3739272952079773, 0.6384543776512146, -0.10322905331850052, 0.4028904438018799, 0.5657697916030884, -0.1363936960697174, 0.42396965622901917, 0.6357547640800476, -0.1390710175037384, 0.4306071996688843, 0.7113012075424194, -0.138115793466568,super victory
0.42198285460472107, 0.8915951251983643, 7.3290555846483585e-09, 0.5027164816856384, 0.8421321511268616, -0.024705704301595688, 0.5525410175323486, 0.7459547519683838, -0.05253191664814949, 0.5167223811149597, 0.6496031880378723, -0.08620088547468185, 0.4655308425426483, 0.6124774217605591, -0.12047148495912552, 0.5436438322067261, 0.5751775503158569, -0.0035442430526018143, 0.6060848236083984, 0.4591027498245239, -0.027205554768443108, 0.6386553049087524, 0.3869214653968811, -0.04425622150301933, 0.6606696248054504, 0.3215487599372864, -0.0620095320045948, 0.48277732729911804, 0.5485547780990601, -0.030934568494558334, 0.4881531894207001, 0.37902212142944336, -0.052711110562086105, 0.4785665273666382, 0.27634885907173157, -0.07450922578573227, 0.465334951877594, 0.18894043564796448, -0.09577596187591553, 0.4281793534755707, 0.5706539154052734, -0.06592236459255219, 0.434794545173645, 0.44156312942504883, -0.11108368635177612, 0.4420972764492035, 0.3645254373550415, -0.1460663080215454, 0.4409262239933014, 0.2847476005554199, -0.1675729900598526, 0.38049185276031494, 0.6368443965911865, -0.10437285900115967, 0.40929991006851196, 0.5621213912963867, -0.1392572671175003, 0.42990580201148987, 0.6240336298942566, -0.14839081466197968, 0.4334925413131714, 0.6952394247055054, -0.1544477939605713,super victory
0.42467281222343445, 0.8892371654510498, 6.011720898868589e-09, 0.5046039819717407, 0.8370429277420044, -0.02933477982878685, 0.5535450577735901, 0.741723358631134, -0.05901753157377243, 0.5170573592185974, 0.6451244354248047, -0.09392812848091125, 0.46451202034950256, 0.6147090196609497, -0.128115713596344, 0.543423056602478, 0.5739712715148926, -0.006757229100912809, 0.6052415370941162, 0.45753365755081177, -0.031207166612148285, 0.6383097767829895, 0.385694682598114, -0.0484730489552021, 0.6615142226219177, 0.3228602111339569, -0.06588932871818542, 0.48119881749153137, 0.5484858155250549, -0.030853770673274994, 0.484637588262558, 0.37929439544677734, -0.05399233102798462, 0.4764552414417267, 0.27767595648765564, -0.07433208078145981, 0.46499285101890564, 0.19376713037490845, -0.09383298456668854, 0.42566871643066406, 0.5722737312316895, -0.06304988265037537, 0.4379786252975464, 0.45110881328582764, -0.10593027621507645, 0.44610393047332764, 0.41272538900375366, -0.1302739828824997, 0.4439299404621124, 0.3717406690120697, -0.14307305216789246, 0.37636297941207886, 0.6403915286064148, -0.1001768559217453, 0.4062890112400055, 0.5600297451019287, -0.13478709757328033, 0.42748650908470154, 0.6238481402397156, -0.1398167461156845, 0.4310716986656189, 0.6978825330734253, -0.1410370022058487,super victory
0.4237886071205139, 0.8838880062103271, -1.1803840127555532e-09, 0.504585325717926, 0.8334026336669922, -0.03176124393939972, 0.5533905029296875, 0.7364604473114014, -0.06518053263425827, 0.5239651203155518, 0.6439679265022278, -0.10539980977773666, 0.4748440682888031, 0.610465943813324, -0.14120624959468842, 0.5409721732139587, 0.5678583979606628, -0.008480657823383808, 0.6008977293968201, 0.4520784616470337, -0.03767258673906326, 0.6347478032112122, 0.3851240873336792, -0.05629491060972214, 0.6585050821304321, 0.3261444866657257, -0.07370280474424362, 0.4796546995639801, 0.5449074506759644, -0.0327058881521225, 0.47361645102500916, 0.3787926137447357, -0.06645680218935013, 0.46702975034713745, 0.27905145287513733, -0.08976282924413681, 0.45767897367477417, 0.20090359449386597, -0.10863960534334183, 0.4241936206817627, 0.5707263350486755, -0.0655004233121872, 0.438701331615448, 0.49182164669036865, -0.11027838289737701, 0.4517667293548584, 0.5579060316085815, -0.1170337125658989, 0.4511004090309143, 0.6036925911903381, -0.1125548854470253, 0.3738589286804199, 0.630997359752655, -0.10545101016759872, 0.4032823443412781, 0.5695152878761292, -0.13832888007164001, 0.42599934339523315, 0.637988805770874, -0.13727475702762604, 0.4334559142589569, 0.7060123085975647, -0.13071604073047638,super victory
0.4232865571975708, 0.884290337562561, 9.520876309565551e-10, 0.5052766799926758, 0.8317818641662598, -0.03168179839849472, 0.5532378554344177, 0.7371037006378174, -0.06262331455945969, 0.5169064998626709, 0.6417276859283447, -0.0997847393155098, 0.46647053956985474, 0.6115062236785889, -0.13322396576404572, 0.5430880188941956, 0.5697504281997681, -0.0006524142809212208, 0.6010258793830872, 0.451524943113327, -0.02390963025391102, 0.6337986588478088, 0.38222214579582214, -0.03870018944144249, 0.6574400067329407, 0.32357731461524963, -0.05440297722816467, 0.4801079034805298, 0.5447985529899597, -0.024177996441721916, 0.4782637655735016, 0.3798983097076416, -0.04917652904987335, 0.4728313982486725, 0.2799028754234314, -0.06886652112007141, 0.46543997526168823, 0.19902455806732178, -0.08668863028287888, 0.4245333671569824, 0.5688705444335938, -0.05688174441456795, 0.4386827051639557, 0.4755709171295166, -0.09946270287036896, 0.44885095953941345, 0.5044490098953247, -0.11341597139835358, 0.4478069841861725, 0.5189327001571655, -0.11559825390577316, 0.37494537234306335, 0.6329910755157471, -0.09591472148895264, 0.4073511064052582, 0.5635245442390442, -0.12946566939353943, 0.42901599407196045, 0.6340535879135132, -0.13118094205856323, 0.4356212317943573, 0.7083146572113037, -0.12762390077114105,super victory
0.4245435893535614, 0.8836122751235962, -1.483614897601626e-10, 0.5053044557571411, 0.8324136137962341, -0.030111556872725487, 0.5522582530975342, 0.7346464395523071, -0.0612923763692379, 0.5173536539077759, 0.6400212645530701, -0.09922977536916733, 0.4683381915092468, 0.6074497699737549, -0.13301341235637665, 0.5424556136131287, 0.5663049221038818, -0.0012130280956625938, 0.5999692678451538, 0.4502776861190796, -0.026352303102612495, 0.6338043212890625, 0.38183748722076416, -0.04278666153550148, 0.6579782962799072, 0.3237096071243286, -0.05927140638232231, 0.47959187626838684, 0.5424908399581909, -0.02530636079609394, 0.47472068667411804, 0.377785861492157, -0.053379595279693604, 0.4690522253513336, 0.2771604359149933, -0.0749775841832161, 0.4604015648365021, 0.19760534167289734, -0.09352527558803558, 0.42414024472236633, 0.5677747130393982, -0.05824374407529831, 0.4361616373062134, 0.4847319722175598, -0.10034894198179245, 0.4483053684234619, 0.5312926173210144, -0.11119674891233444, 0.4479174017906189, 0.5603771805763245, -0.11068689078092575, 0.37463974952697754, 0.6298826932907104, -0.09781846404075623, 0.4059361517429352, 0.5678879022598267, -0.12990544736385345, 0.4280080795288086, 0.6381781697273254, -0.13036122918128967, 0.43519169092178345, 0.708733856678009, -0.12561385333538055,super victory
0.4261782169342041, 0.8863990306854248, 3.11070702530003e-09, 0.5051097869873047, 0.8334095478057861, -0.0251205712556839, 0.5536927580833435, 0.7369976043701172, -0.055456824600696564, 0.5181840062141418, 0.6467556357383728, -0.09322063624858856, 0.4665032625198364, 0.620292067527771, -0.1282944530248642, 0.5470113158226013, 0.5686563849449158, -0.0032696733251214027, 0.6046629548072815, 0.4541228413581848, -0.02998521737754345, 0.6377513408660889, 0.38479849696159363, -0.04784982278943062, 0.6609954833984375, 0.325590580701828, -0.06509560346603394, 0.4829059839248657, 0.5434843301773071, -0.030296646058559418, 0.48244673013687134, 0.3782743215560913, -0.05714622512459755, 0.4766314923763275, 0.2802777886390686, -0.07748590409755707, 0.4679083228111267, 0.19877982139587402, -0.09608561545610428, 0.42613983154296875, 0.5684364438056946, -0.06555769592523575, 0.4353890120983124, 0.47160637378692627, -0.10622580349445343, 0.4455265998840332, 0.4825159013271332, -0.12019307166337967, 0.44547638297080994, 0.48310616612434387, -0.12451521307229996, 0.376666784286499, 0.6326736807823181, -0.10678926855325699, 0.40658825635910034, 0.5710128545761108, -0.13718736171722412, 0.42711591720581055, 0.6396806240081787, -0.1374235302209854, 0.43353474140167236, 0.709823489189148, -0.13432836532592773,super victory
0.42490726709365845, 0.8884556293487549, 3.8728473761295845e-09, 0.5059722065925598, 0.8393090963363647, -0.026411669328808784, 0.5568382740020752, 0.7447327375411987, -0.056051936000585556, 0.5235348343849182, 0.6517055630683899, -0.09225643426179886, 0.4726797044277191, 0.6202124357223511, -0.12677651643753052, 0.5480524301528931, 0.5747984051704407, -0.0027177201118320227, 0.6055735349655151, 0.459172785282135, -0.027942491695284843, 0.6382139921188354, 0.3889007568359375, -0.04585115239024162, 0.6615664958953857, 0.32661426067352295, -0.06395555287599564, 0.48503413796424866, 0.5490238070487976, -0.029318176209926605, 0.48547500371932983, 0.38261210918426514, -0.05438150838017464, 0.47847694158554077, 0.28044793009757996, -0.07597809284925461, 0.46871450543403625, 0.19477641582489014, -0.09660504013299942, 0.4284133315086365, 0.5733144283294678, -0.06412375718355179, 0.4367154538631439, 0.46601054072380066, -0.10640396922826767, 0.4444959759712219, 0.4513053894042969, -0.12725907564163208, 0.44380810856819153, 0.42889630794525146, -0.1376114934682846, 0.3798460364341736, 0.638719916343689, -0.10431916266679764, 0.409788578748703, 0.5761873126029968, -0.1375812441110611, 0.43178272247314453, 0.6452972888946533, -0.14140838384628296, 0.43849602341651917, 0.7169586420059204, -0.14172080159187317,super victory
0.4317146837711334, 0.8883835673332214, 5.40623146250141e-09, 0.5081320405006409, 0.8372225165367126, -0.024016059935092926, 0.5578015446662903, 0.7447457313537598, -0.052273161709308624, 0.5268004536628723, 0.6521283984184265, -0.08693190664052963, 0.47937917709350586, 0.619479238986969, -0.12146877497434616, 0.5485116243362427, 0.5756493210792542, -0.002437371062114835, 0.6069386601448059, 0.46344655752182007, -0.026167484000325203, 0.6382498741149902, 0.39165300130844116, -0.045086633414030075, 0.659492015838623, 0.32805612683296204, -0.06447598338127136, 0.4883787930011749, 0.5504938364028931, -0.029710514470934868, 0.48975101113319397, 0.3841038942337036, -0.052523646503686905, 0.4818829894065857, 0.27874481678009033, -0.0767335295677185, 0.4699437618255615, 0.19304612278938293, -0.1003413200378418, 0.4321661591529846, 0.572160542011261, -0.06436749547719955, 0.4415039122104645, 0.4538542628288269, -0.10597842186689377, 0.45167869329452515, 0.4119132161140442, -0.13485942780971527, 0.4514421820640564, 0.373249351978302, -0.15258397161960602, 0.38199102878570557, 0.634993851184845, -0.10335619747638702, 0.41271305084228516, 0.5674660801887512, -0.13711875677108765, 0.43565666675567627, 0.6316012144088745, -0.1449357271194458, 0.4411953389644623, 0.7052331566810608, -0.14965727925300598,super victory
0.4310150146484375, 0.8844494819641113, 3.0458837674274264e-09, 0.5090878009796143, 0.834562361240387, -0.02702324464917183, 0.5591610670089722, 0.741453230381012, -0.05665237829089165, 0.5260307788848877, 0.6476297378540039, -0.09241625666618347, 0.4761882424354553, 0.6171819567680359, -0.12640200555324554, 0.5484986901283264, 0.5726251006126404, -0.0034633625764399767, 0.6057875156402588, 0.45836713910102844, -0.02758701518177986, 0.6381614804267883, 0.38791555166244507, -0.045103274285793304, 0.6614401340484619, 0.32802337408065796, -0.06286081671714783, 0.4872764050960541, 0.5483877658843994, -0.028634075075387955, 0.4857153594493866, 0.3820672035217285, -0.05293629318475723, 0.4786812365055084, 0.2784233093261719, -0.0749625638127327, 0.46886956691741943, 0.1959470510482788, -0.09585124254226685, 0.4314030706882477, 0.571431577205658, -0.06173548102378845, 0.4417405128479004, 0.4628850817680359, -0.10280736535787582, 0.45044824481010437, 0.45709463953971863, -0.1227133572101593, 0.44912970066070557, 0.45105767250061035, -0.13212287425994873, 0.38177260756492615, 0.6337531805038452, -0.10025955736637115, 0.41280776262283325, 0.5674105286598206, -0.13312308490276337, 0.43457597494125366, 0.6347116231918335, -0.13702648878097534, 0.4405718147754669, 0.7096052765846252, -0.13715419173240662,super victory
0.4279525876045227, 0.8813779354095459, 9.286925117812928e-10, 0.5056408643722534, 0.8362581133842468, -0.027227478101849556, 0.5580459833145142, 0.74188232421875, -0.058377668261528015, 0.528896689414978, 0.6491105556488037, -0.09645676612854004, 0.48018625378608704, 0.6188953518867493, -0.1318100243806839, 0.5485706329345703, 0.5705003142356873, -0.006421336904168129, 0.6064991354942322, 0.45545142889022827, -0.03369582071900368, 0.6395676732063293, 0.38637837767601013, -0.05132313445210457, 0.6627340316772461, 0.3266351521015167, -0.06857314705848694, 0.4867848753929138, 0.5457975268363953, -0.03300120308995247, 0.48460763692855835, 0.38074296712875366, -0.062117163091897964, 0.47735685110092163, 0.28167280554771423, -0.08279355615377426, 0.46788594126701355, 0.20302662253379822, -0.10140234977006912, 0.43098512291908264, 0.5696763396263123, -0.06775767356157303, 0.4436712861061096, 0.4780973196029663, -0.1118529811501503, 0.45327118039131165, 0.5093020796775818, -0.12397725880146027, 0.4530126750469208, 0.5295811295509338, -0.1256779581308365, 0.38149458169937134, 0.6307114362716675, -0.10873455554246902, 0.41321128606796265, 0.5756946206092834, -0.14285939931869507, 0.4323785901069641, 0.6497084498405457, -0.14344137907028198, 0.4380016326904297, 0.722914457321167, -0.1394985318183899,super victory
0.4277117848396301, 0.8879657983779907, 5.816446435602529e-09, 0.5059112310409546, 0.8405020236968994, -0.02512884885072708, 0.5565426349639893, 0.746333122253418, -0.05453724414110184, 0.5237887501716614, 0.6552997827529907, -0.09035658836364746, 0.4748111069202423, 0.6225705742835999, -0.12620076537132263, 0.5470147132873535, 0.5757737755775452, -0.004975107964128256, 0.6073375940322876, 0.4656721353530884, -0.030497821047902107, 0.6400577425956726, 0.39497584104537964, -0.049841273576021194, 0.6612780094146729, 0.3319561183452606, -0.06936945766210556, 0.4851877689361572, 0.5500203967094421, -0.03276471048593521, 0.48853248357772827, 0.38380980491638184, -0.05734917148947716, 0.48208731412887573, 0.27923598885536194, -0.08168100565671921, 0.46959373354911804, 0.19258105754852295, -0.10528340190649033, 0.4280702471733093, 0.5722918510437012, -0.0682566836476326, 0.43975868821144104, 0.45741763710975647, -0.11199954897165298, 0.451742023229599, 0.41215598583221436, -0.1427992731332779, 0.4513980746269226, 0.3637073338031769, -0.16175131499767303, 0.3777233958244324, 0.6352858543395996, -0.1080748587846756, 0.4117985963821411, 0.573494553565979, -0.14277632534503937, 0.4347633123397827, 0.6410008668899536, -0.15148957073688507, 0.43863385915756226, 0.7124097347259521, -0.15706086158752441,super victory
0.42824697494506836, 0.8916100859642029, 8.140144558410611e-09, 0.5061847567558289, 0.8452799320220947, -0.021104883402585983, 0.5555802583694458, 0.7481266260147095, -0.046355485916137695, 0.5192779302597046, 0.6568762063980103, -0.07793372124433517, 0.46459901332855225, 0.6235626339912415, -0.11051630973815918, 0.5470949411392212, 0.5786417126655579, -0.0016675080405548215, 0.607168436050415, 0.4652140736579895, -0.02465229295194149, 0.6400681734085083, 0.3933287560939789, -0.04221440106630325, 0.6611126661300659, 0.32869860529899597, -0.06069279834628105, 0.4874064326286316, 0.5511339902877808, -0.03026537224650383, 0.49305927753448486, 0.38158106803894043, -0.05092740058898926, 0.4862259328365326, 0.2772156000137329, -0.07436142861843109, 0.4734472632408142, 0.18926140666007996, -0.09797265380620956, 0.4313966929912567, 0.5718995332717896, -0.06593749672174454, 0.43610936403274536, 0.4432792663574219, -0.10976307094097137, 0.4486507177352905, 0.3625069558620453, -0.14777058362960815, 0.45153501629829407, 0.28359583020210266, -0.17262642085552216, 0.379960834980011, 0.635474443435669, -0.10469874739646912, 0.40786343812942505, 0.5702016353607178, -0.13894285261631012, 0.43041688203811646, 0.6316267251968384, -0.1501844972372055, 0.4357551038265228, 0.7024471759796143, -0.1587173193693161,super victory
0.42430397868156433, 0.8918938636779785, 6.4160090573750495e-09, 0.5032415390014648, 0.8459532260894775, -0.028192028403282166, 0.5529997944831848, 0.7532945871353149, -0.05868261680006981, 0.5216599702835083, 0.657983124256134, -0.09477414190769196, 0.4759909510612488, 0.6167098879814148, -0.1308385282754898, 0.5469304323196411, 0.5779619812965393, -0.006792192813009024, 0.6069045066833496, 0.46316900849342346, -0.031859807670116425, 0.6399648189544678, 0.3910558819770813, -0.050575725734233856, 0.6628954410552979, 0.3257209360599518, -0.06957800686359406, 0.484832763671875, 0.5505541563034058, -0.032457027584314346, 0.48840954899787903, 0.38067665696144104, -0.05659404769539833, 0.48204705119132996, 0.2760011553764343, -0.07995886355638504, 0.47164425253868103, 0.18904700875282288, -0.10251583904027939, 0.4283170700073242, 0.5719496011734009, -0.06600537151098251, 0.43812090158462524, 0.45222336053848267, -0.11007654666900635, 0.4464825391769409, 0.4007570147514343, -0.14078155159950256, 0.44487303495407104, 0.34659790992736816, -0.15926741063594818, 0.3784421682357788, 0.6356753706932068, -0.10396218299865723, 0.4097452759742737, 0.569701075553894, -0.13853171467781067, 0.43004876375198364, 0.6369562149047852, -0.1467268019914627, 0.43304315209388733, 0.7093501687049866, -0.15158197283744812,super victory
0.42166072130203247, 0.8949571847915649, 6.245918449110377e-09, 0.5015737414360046, 0.8472557067871094, -0.03034963831305504, 0.5514878034591675, 0.7562267780303955, -0.060452379286289215, 0.5224667191505432, 0.657730221748352, -0.09565485268831253, 0.47855329513549805, 0.6146906614303589, -0.13058023154735565, 0.5456362962722778, 0.5812570452690125, -0.005065449047833681, 0.6065993905067444, 0.46510612964630127, -0.02873632311820984, 0.6395357251167297, 0.39236941933631897, -0.0463358536362648, 0.66255784034729, 0.3267979919910431, -0.0646287202835083, 0.4846965968608856, 0.5533515810966492, -0.02932310663163662, 0.48854300379753113, 0.38255575299263, -0.052493609488010406, 0.4817580580711365, 0.2770159840583801, -0.07533196359872818, 0.4714966416358948, 0.18894124031066895, -0.0972190648317337, 0.4289042353630066, 0.5744966864585876, -0.06185021251440048, 0.43873393535614014, 0.4508023262023926, -0.10655000060796738, 0.44556474685668945, 0.3991450071334839, -0.1373695582151413, 0.44305968284606934, 0.34604623913764954, -0.15518365800380707, 0.37864816188812256, 0.6395091414451599, -0.09884309023618698, 0.40835288166999817, 0.5658756494522095, -0.1345701813697815, 0.42865070700645447, 0.6311326026916504, -0.14315855503082275, 0.43200621008872986, 0.7051699757575989, -0.1476665735244751,super victory
0.42241525650024414, 0.8900480270385742, 1.5730055036300428e-09, 0.49763092398643494, 0.8501061201095581, -0.03235769644379616, 0.5523414611816406, 0.760596513748169, -0.06986619532108307, 0.5344828367233276, 0.6707695722579956, -0.11411058157682419, 0.4926633834838867, 0.6239975094795227, -0.15522632002830505, 0.5453785061836243, 0.5731637477874756, -0.01624630019068718, 0.6044450402259827, 0.4600306451320648, -0.050018906593322754, 0.6381362080574036, 0.3921412229537964, -0.07261667400598526, 0.6612629294395447, 0.33150824904441833, -0.0926758199930191, 0.4823606312274933, 0.549302875995636, -0.04232025891542435, 0.47962862253189087, 0.383107990026474, -0.07906973361968994, 0.47263333201408386, 0.2843836843967438, -0.10339159518480301, 0.4626501500606537, 0.2072542905807495, -0.12390358000993729, 0.4241347908973694, 0.5740078091621399, -0.07676749676465988, 0.43914493918418884, 0.4911952614784241, -0.12335646897554398, 0.4471273422241211, 0.5447258949279785, -0.13076592981815338, 0.44463324546813965, 0.5848474502563477, -0.12914682924747467, 0.37279146909713745, 0.630696177482605, -0.11857996881008148, 0.4074215888977051, 0.591478705406189, -0.15285390615463257, 0.4242921769618988, 0.668584942817688, -0.15116141736507416, 0.4285236895084381, 0.7376385927200317, -0.14546166360378265,super victory
0.4242832660675049, 0.8905735015869141, 5.071075781515333e-10, 0.5008630156517029, 0.8475286364555359, -0.030304623767733574, 0.5555830001831055, 0.755927562713623, -0.06542409211397171, 0.5315506458282471, 0.66451096534729, -0.10749804228544235, 0.48192864656448364, 0.6249421834945679, -0.14593002200126648, 0.5462507009506226, 0.572995662689209, -0.009998301044106483, 0.6040573120117188, 0.4593682587146759, -0.04124800115823746, 0.6374034881591797, 0.3917204737663269, -0.06075175851583481, 0.6604784727096558, 0.33352944254875183, -0.07882499694824219, 0.48375216126441956, 0.5492125153541565, -0.036856912076473236, 0.4818532168865204, 0.38417840003967285, -0.0708402767777443, 0.4758508503437042, 0.28531843423843384, -0.09246060997247696, 0.46770569682121277, 0.20544147491455078, -0.1109471321105957, 0.42553263902664185, 0.5742987990379333, -0.07246555387973785, 0.43876951932907104, 0.4914412498474121, -0.11878976970911026, 0.4466518461704254, 0.5426040291786194, -0.1262647807598114, 0.44584813714027405, 0.5774240493774414, -0.12392963469028473, 0.37371599674224854, 0.6338873505592346, -0.11520275473594666, 0.40543562173843384, 0.5896287560462952, -0.1494186371564865, 0.4241185486316681, 0.6698753833770752, -0.1473555713891983, 0.43186095356941223, 0.7423192858695984, -0.14092794060707092,super victory
0.42503219842910767, 0.8950248956680298, -5.008992109978294e-10, 0.5071628093719482, 0.8545982837677002, -0.033082544803619385, 0.5584014654159546, 0.7634671926498413, -0.07313446700572968, 0.5338336229324341, 0.6729421615600586, -0.12017710506916046, 0.49207398295402527, 0.6206480860710144, -0.16316990554332733, 0.5561150312423706, 0.5822048187255859, -0.02353523299098015, 0.6098124980926514, 0.4673733115196228, -0.06429432332515717, 0.6408218145370483, 0.3970924913883209, -0.0922081246972084, 0.6627864837646484, 0.33454665541648865, -0.11527244746685028, 0.49207940697669983, 0.5580806136131287, -0.04882793873548508, 0.48816218972206116, 0.388693630695343, -0.0958499014377594, 0.481860876083374, 0.28715330362319946, -0.12638868391513824, 0.47402578592300415, 0.20829764008522034, -0.14975282549858093, 0.4314619302749634, 0.581699788570404, -0.08159667998552322, 0.437366783618927, 0.507634162902832, -0.13126321136951447, 0.4490582346916199, 0.5847662687301636, -0.13382938504219055, 0.45305395126342773, 0.6455636620521545, -0.12788540124893188, 0.37566351890563965, 0.6350232362747192, -0.12248489260673523, 0.400189071893692, 0.6000142097473145, -0.1568426638841629, 0.4160824120044708, 0.6815765500068665, -0.15247976779937744, 0.4236806631088257, 0.7529606223106384, -0.1439685970544815,super victory
0.4354579448699951, 0.8990971446037292, 4.586362845060421e-09, 0.5211780667304993, 0.8557519316673279, -0.026749156415462494, 0.5782802104949951, 0.7650054097175598, -0.059038370847702026, 0.559975266456604, 0.6851953864097595, -0.09882300347089767, 0.5099934339523315, 0.6404380798339844, -0.13599707186222076, 0.560884416103363, 0.5880715847015381, -0.016968678683042526, 0.6130740642547607, 0.4812496602535248, -0.05591624230146408, 0.6449940800666809, 0.4154444634914398, -0.08491047471761703, 0.667222261428833, 0.3552635610103607, -0.10836638510227203, 0.4998416304588318, 0.56836998462677, -0.04272652044892311, 0.5138573050498962, 0.4103929400444031, -0.08709363639354706, 0.5216307044029236, 0.32044655084609985, -0.11956816166639328, 0.5240740776062012, 0.24751374125480652, -0.14477968215942383, 0.43779751658439636, 0.5884236097335815, -0.07509558647871017, 0.45204800367355347, 0.5045921206474304, -0.12024668604135513, 0.4666570723056793, 0.5834653377532959, -0.12445859611034393, 0.4734686315059662, 0.6518115401268005, -0.12148024141788483, 0.3798842430114746, 0.6346445083618164, -0.11530976742506027, 0.4052159786224365, 0.6040441989898682, -0.14665357768535614, 0.4248327612876892, 0.6752120852470398, -0.1448507159948349, 0.4358634650707245, 0.7378565669059753, -0.1393711268901825,super victory
0.43855804204940796, 0.8991143703460693, 3.733719999843288e-09, 0.520948052406311, 0.8608429431915283, -0.03287598118185997, 0.57706218957901, 0.7699164748191833, -0.06739603728055954, 0.5625185966491699, 0.6904186010360718, -0.1085878387093544, 0.520621657371521, 0.6423075199127197, -0.14744704961776733, 0.5624379515647888, 0.5889348387718201, -0.020083172246813774, 0.6139274835586548, 0.4838201701641083, -0.060098953545093536, 0.6464518904685974, 0.4198494851589203, -0.08991854637861252, 0.6703072190284729, 0.3613312244415283, -0.1139073446393013, 0.5010788440704346, 0.5709734559059143, -0.043175261467695236, 0.5126416683197021, 0.4145377278327942, -0.08829192072153091, 0.5195726752281189, 0.3260321021080017, -0.1225295215845108, 0.5232191681861877, 0.25366562604904175, -0.14910537004470825, 0.4399597942829132, 0.5917776823043823, -0.07374007254838943, 0.456246018409729, 0.5041539072990417, -0.12148334085941315, 0.472275972366333, 0.5843384265899658, -0.12846586108207703, 0.4808673560619354, 0.6547293663024902, -0.12715065479278564, 0.38239654898643494, 0.636756181716919, -0.112411729991436, 0.4064488410949707, 0.6042479872703552, -0.1469455063343048, 0.4260126054286957, 0.674964964389801, -0.14772343635559082, 0.43866628408432007, 0.7364668846130371, -0.14400967955589294,super victory
0.4395473599433899, 0.8967010974884033, 2.9146798308232746e-09, 0.5214720368385315, 0.8597854971885681, -0.03272232785820961, 0.5779244303703308, 0.7697426676750183, -0.06793888658285141, 0.5636906623840332, 0.691062331199646, -0.1097436472773552, 0.5221936106681824, 0.6426858305931091, -0.14930742979049683, 0.5626385807991028, 0.5899571776390076, -0.023217763751745224, 0.6136050224304199, 0.4844587445259094, -0.06436100602149963, 0.6456013917922974, 0.4203953742980957, -0.09498187154531479, 0.6687841415405273, 0.362788587808609, -0.11945760995149612, 0.5017591714859009, 0.5720837712287903, -0.04635089635848999, 0.5122219920158386, 0.41476356983184814, -0.09316163510084152, 0.5183913707733154, 0.32417723536491394, -0.12854672968387604, 0.5208108425140381, 0.2510182857513428, -0.15579335391521454, 0.440766304731369, 0.5923935770988464, -0.07652942836284637, 0.4559818208217621, 0.5051849484443665, -0.12482598423957825, 0.47205641865730286, 0.5826927423477173, -0.13179278373718262, 0.48054513335227966, 0.6515095233917236, -0.13059784471988678, 0.3828299343585968, 0.6363188624382019, -0.11473547667264938, 0.405974417924881, 0.6018820405006409, -0.14956486225128174, 0.42551350593566895, 0.6714549660682678, -0.15011969208717346, 0.43771931529045105, 0.7327427864074707, -0.14630424976348877,super victory
0.4476983845233917, 0.8919549584388733, 3.061508380142186e-09, 0.531652569770813, 0.8398911356925964, -0.040742795914411545, 0.5950757265090942, 0.7458767890930176, -0.06363434344530106, 0.625373125076294, 0.6512125730514526, -0.08885571360588074, 0.6488885879516602, 0.5750980973243713, -0.10942766070365906, 0.5679981708526611, 0.6097502708435059, 0.014530971646308899, 0.5986745357513428, 0.5241336226463318, 0.004238306079059839, 0.6054859757423401, 0.5325933694839478, 0.00011051359615521505, 0.6059353351593018, 0.5572455525398254, -0.005338551010936499, 0.5147783160209656, 0.5814284682273865, 0.009838532656431198, 0.5319434404373169, 0.4569892883300781, -0.004455639980733395, 0.5426803827285767, 0.3936806321144104, -0.02904762513935566, 0.5567091703414917, 0.33959949016571045, -0.04955332726240158, 0.4608476459980011, 0.5820530652999878, -0.004454765468835831, 0.47447851300239563, 0.4866379499435425, -0.02657712809741497, 0.4883604049682617, 0.46367669105529785, -0.04816581308841705, 0.5030789971351624, 0.4522653818130493, -0.06152566522359848, 0.4075559377670288, 0.6036040782928467, -0.024720849469304085, 0.4319509267807007, 0.5457822680473328, -0.041667334735393524, 0.45158201456069946, 0.556267499923706, -0.05072983726859093, 0.46875205636024475, 0.5751452445983887, -0.056600604206323624,super victory
0.45856380462646484, 0.88506019115448, -1.8069842289136773e-09, 0.5418456196784973, 0.8255691528320312, -0.03241238370537758, 0.6022703647613525, 0.7245597243309021, -0.05050390586256981, 0.6204749345779419, 0.6255522966384888, -0.07112566381692886, 0.619945228099823, 0.5361113548278809, -0.08790385723114014, 0.559694230556488, 0.6089444756507874, 0.017044702544808388, 0.5869734883308411, 0.5203812718391418, 0.005475481506437063, 0.5912072658538818, 0.5444172620773315, 0.0022311839275062084, 0.5920078754425049, 0.581171452999115, -0.0013674694346264005, 0.5111674070358276, 0.5808115601539612, 0.009905722923576832, 0.5343414545059204, 0.46721041202545166, -0.0005354154272936285, 0.5505170822143555, 0.41385841369628906, -0.024341246113181114, 0.5743806958198547, 0.35994869470596313, -0.044425465166568756, 0.4651874303817749, 0.5784704685211182, -0.0063608079217374325, 0.48224127292633057, 0.4744327664375305, -0.0164315365254879, 0.5003412365913391, 0.41097134351730347, -0.03936224803328514, 0.5240399241447449, 0.36083823442459106, -0.058401383459568024, 0.41859298944473267, 0.5938462615013123, -0.02802569605410099, 0.4253295063972473, 0.4971778988838196, -0.03578551113605499, 0.43770745396614075, 0.44562792778015137, -0.04861846938729286, 0.45848318934440613, 0.4041476845741272, -0.06090826913714409,super victory
0.4576413035392761, 0.8812698721885681, -3.971228679233718e-09, 0.5410128235816956, 0.8269336223602295, -0.03209095075726509, 0.605535626411438, 0.7253297567367554, -0.04971930757164955, 0.6241984963417053, 0.626365602016449, -0.06994564831256866, 0.6171408891677856, 0.53799968957901, -0.08656887710094452, 0.5663887858390808, 0.6109104156494141, 0.020701944828033447, 0.5905439853668213, 0.5214851498603821, 0.012509498745203018, 0.593812108039856, 0.5383356809616089, 0.011141997762024403, 0.594168484210968, 0.5738409161567688, 0.008973020128905773, 0.5170906782150269, 0.582603394985199, 0.014505197294056416, 0.5371171236038208, 0.46907082200050354, 0.010124802589416504, 0.5509876608848572, 0.41433438658714294, -0.00940989051014185, 0.5725291967391968, 0.3643726706504822, -0.026752298697829247, 0.4698711931705475, 0.5789101719856262, -0.0008930438198149204, 0.48517680168151855, 0.47477102279663086, -0.004579553380608559, 0.5024611353874207, 0.4068537652492523, -0.023619698360562325, 0.5252739787101746, 0.355596661567688, -0.0410812571644783, 0.4218937158584595, 0.5921373963356018, -0.02212533913552761, 0.4284393787384033, 0.49544912576675415, -0.025251448154449463, 0.439853310585022, 0.4403125047683716, -0.03519739955663681, 0.4593401551246643, 0.39606520533561707, -0.045750945806503296,super victory
0.46953141689300537, 0.8574880957603455, -1.0847562847970948e-09, 0.5498172640800476, 0.8093065619468689, -0.043721407651901245, 0.6140121221542358, 0.7225662469863892, -0.06900748610496521, 0.6326265931129456, 0.6325227618217468, -0.09494511038064957, 0.6181236505508423, 0.5444287657737732, -0.11691298335790634, 0.5665940046310425, 0.6070088148117065, 0.005260357167571783, 0.59552401304245, 0.5323679447174072, -0.006890494376420975, 0.5933918952941895, 0.5579193234443665, -0.010598759166896343, 0.5841102600097656, 0.5907544493675232, -0.014618533663451672, 0.5216837525367737, 0.5706390738487244, 0.004383251536637545, 0.5496633648872375, 0.4569835066795349, 0.0006808366742916405, 0.5645536780357361, 0.3865988850593567, -0.01824515499174595, 0.5811262130737305, 0.318856805562973, -0.03757411614060402, 0.47552216053009033, 0.5618996024131775, -0.0061834123916924, 0.4897792935371399, 0.4518031179904938, -0.004410716705024242, 0.5046461224555969, 0.3792559504508972, -0.017063487321138382, 0.5204117894172668, 0.32289937138557434, -0.03340549394488335, 0.42632222175598145, 0.5733069777488708, -0.024332746863365173, 0.42066243290901184, 0.4813326597213745, -0.021920721977949142, 0.4233744740486145, 0.42133277654647827, -0.026815129444003105, 0.4324985444545746, 0.3694235384464264, -0.0352611243724823,super victory
0.47208455204963684, 0.8492043018341064, -4.701312950050607e-11, 0.5509012341499329, 0.8072817921638489, -0.04478735476732254, 0.6157488226890564, 0.7226303815841675, -0.06973167508840561, 0.6371410489082336, 0.632706344127655, -0.09437372535467148, 0.6208239793777466, 0.5479300022125244, -0.11423701047897339, 0.5704517364501953, 0.6023116111755371, 0.0030845613218843937, 0.5975112318992615, 0.5293027758598328, -0.0064511485397815704, 0.5985158681869507, 0.5592377781867981, -0.007270276080816984, 0.5920976400375366, 0.5969873070716858, -0.00937745627015829, 0.5273857116699219, 0.5647450685501099, 0.003997920546680689, 0.5536917448043823, 0.45436760783195496, 0.0035224794410169125, 0.5693252086639404, 0.38777804374694824, -0.011700915172696114, 0.585097074508667, 0.3241055905818939, -0.02870403602719307, 0.48117223381996155, 0.556098997592926, -0.004532370250672102, 0.4915425777435303, 0.4482274353504181, 0.00010130558075616136, 0.5023751258850098, 0.37865298986434937, -0.009779253043234348, 0.5142784118652344, 0.325571745634079, -0.024360492825508118, 0.4319930076599121, 0.569098949432373, -0.020641474053263664, 0.42102164030075073, 0.4772990345954895, -0.016031434759497643, 0.41734641790390015, 0.4191646873950958, -0.018835198134183884, 0.4200856387615204, 0.37031206488609314, -0.025737764313817024,super victory
0.47220537066459656, 0.8475309014320374, 6.165152832693366e-10, 0.5520075559616089, 0.8037031292915344, -0.04239528253674507, 0.6164648532867432, 0.7199426889419556, -0.0667421817779541, 0.6391170024871826, 0.6313702464103699, -0.09184619784355164, 0.6222560405731201, 0.548078715801239, -0.11248861998319626, 0.5669853091239929, 0.6005918979644775, 0.010288537479937077, 0.5951014161109924, 0.5298300981521606, 0.0008836662163957953, 0.598863422870636, 0.5530925393104553, -0.0012879722053185105, 0.5929824113845825, 0.586207926273346, -0.004016502294689417, 0.5252810120582581, 0.5626453757286072, 0.009899545460939407, 0.5507567524909973, 0.45446497201919556, 0.011436965316534042, 0.566871702671051, 0.3884865641593933, -0.0031350525096058846, 0.5826811790466309, 0.3254013657569885, -0.01964854821562767, 0.4803336262702942, 0.5535592436790466, -0.00038838337059132755, 0.4908364713191986, 0.4468536376953125, 0.006876758765429258, 0.5021930932998657, 0.3777855634689331, -0.0009175335289910436, 0.5137657523155212, 0.3255414664745331, -0.014557668939232826, 0.432451069355011, 0.5660771131515503, -0.018582023680210114, 0.42100590467453003, 0.475305438041687, -0.011553095653653145, 0.4171110987663269, 0.415208101272583, -0.012661042623221874, 0.4194125533103943, 0.36468568444252014, -0.018619436770677567,super victory
0.47275644540786743, 0.8482668399810791, 5.674760661378286e-10, 0.5528355240821838, 0.8049331307411194, -0.04270118847489357, 0.6177022457122803, 0.720783531665802, -0.06671968102455139, 0.6399602293968201, 0.6318165063858032, -0.0911630168557167, 0.6222332119941711, 0.5493287444114685, -0.11110774427652359, 0.5684525370597839, 0.6027545928955078, 0.008587301708757877, 0.5962080955505371, 0.5311100482940674, -0.001117889885790646, 0.5996543765068054, 0.5535094738006592, -0.0033004351425915956, 0.5940413475036621, 0.5863162279129028, -0.005977125372737646, 0.5263632535934448, 0.5645883083343506, 0.008634584955871105, 0.5512632727622986, 0.4552415609359741, 0.009276927448809147, 0.5666820406913757, 0.3889008164405823, -0.00593903660774231, 0.581824541091919, 0.3258555829524994, -0.022727522999048233, 0.48103052377700806, 0.5551850199699402, -0.0010333913378417492, 0.4910653829574585, 0.44787538051605225, 0.004989457316696644, 0.502087414264679, 0.3791714906692505, -0.004025822971016169, 0.5134912729263306, 0.32744258642196655, -0.018141403794288635, 0.4324416518211365, 0.567313551902771, -0.018408138304948807, 0.42094868421554565, 0.4758830666542053, -0.012501443736255169, 0.4165377616882324, 0.4155442714691162, -0.01461776439100504, 0.41838377714157104, 0.36484360694885254, -0.02113518677651882,super victory
0.4696524441242218, 0.847102701663971, 2.224166628650437e-09, 0.5515808463096619, 0.8025964498519897, -0.04509454965591431, 0.6146153211593628, 0.7188071012496948, -0.07297392189502716, 0.6374147534370422, 0.630731463432312, -0.10171480476856232, 0.6218864917755127, 0.542547345161438, -0.1264856606721878, 0.5661279559135437, 0.5997227430343628, 0.0050543928518891335, 0.5936058759689331, 0.5248900055885315, -0.00888519361615181, 0.5965238809585571, 0.5389319658279419, -0.014654062688350677, 0.5883204340934753, 0.5636630058288574, -0.019413597881793976, 0.521864652633667, 0.5611030459403992, 0.004036751110106707, 0.547171950340271, 0.4504774212837219, 0.0022784657776355743, 0.5608679056167603, 0.38498321175575256, -0.013300658203661442, 0.5733773708343506, 0.3194023668766022, -0.03007505089044571, 0.47522711753845215, 0.5516197681427002, -0.007398732006549835, 0.48168671131134033, 0.44123411178588867, -0.0031481273472309113, 0.4906005561351776, 0.37124478816986084, -0.010750806890428066, 0.49926677346229553, 0.3170360326766968, -0.02404382824897766, 0.4246874451637268, 0.5654953122138977, -0.026897501200437546, 0.4074104428291321, 0.47280359268188477, -0.021825309842824936, 0.4001355767250061, 0.4111369550228119, -0.022941570729017258, 0.3987402319908142, 0.3588555157184601, -0.02867879904806614,super victory
0.4725479483604431, 0.8500553965568542, 7.794973555519391e-10, 0.552579939365387, 0.8038502931594849, -0.04660768806934357, 0.6146323084831238, 0.7211405038833618, -0.07488948851823807, 0.6369752287864685, 0.6328815817832947, -0.10386278480291367, 0.6199625134468079, 0.5431948900222778, -0.12858647108078003, 0.5691441893577576, 0.5981538891792297, 0.007653607055544853, 0.5954246520996094, 0.529775083065033, -0.003717671148478985, 0.5973218679428101, 0.5499666929244995, -0.008294186554849148, 0.5881563425064087, 0.5793829560279846, -0.012755065225064754, 0.5243201851844788, 0.5606563687324524, 0.007534283213317394, 0.550348699092865, 0.45408737659454346, 0.008526123128831387, 0.56392502784729, 0.3883766233921051, -0.006499180570244789, 0.5763216614723206, 0.3240330219268799, -0.023484613746404648, 0.4775325357913971, 0.5519225597381592, -0.0032339924946427345, 0.4854150712490082, 0.4432757496833801, 0.00423384178429842, 0.4951854348182678, 0.37431973218917847, -0.002490533050149679, 0.5042667388916016, 0.32270872592926025, -0.016025422140955925, 0.42721137404441833, 0.5660747289657593, -0.022439809516072273, 0.41215333342552185, 0.4741782546043396, -0.015152540057897568, 0.40503883361816406, 0.41209185123443604, -0.015507609583437443, 0.40322184562683105, 0.36010169982910156, -0.021203629672527313,super victory
0.468227356672287, 0.8554584980010986, 2.3462809473073776e-09, 0.5511865615844727, 0.8086063265800476, -0.05076407641172409, 0.6125872135162354, 0.7220638394355774, -0.08146335929632187, 0.6344860792160034, 0.6328923106193542, -0.11296938359737396, 0.6180223822593689, 0.5419992208480835, -0.14053378999233246, 0.5685849189758301, 0.5976000428199768, 0.008022752590477467, 0.5938006639480591, 0.5238272547721863, -0.005408512894064188, 0.597039520740509, 0.5346950888633728, -0.012458687648177147, 0.5868633985519409, 0.5594257116317749, -0.01810687966644764, 0.5212860107421875, 0.5598068833351135, 0.009011179208755493, 0.5454264283180237, 0.450287401676178, 0.010472482070326805, 0.5570789575576782, 0.38247227668762207, -0.0046134330332279205, 0.566375732421875, 0.3157603144645691, -0.02153271622955799, 0.47243571281433105, 0.5509472489356995, -0.0017023319378495216, 0.47739720344543457, 0.4408804476261139, 0.006714516784995794, 0.48546484112739563, 0.3690921664237976, 0.0015115203568711877, 0.49166521430015564, 0.3151472210884094, -0.011401458643376827, 0.4198155999183655, 0.5655274391174316, -0.021678874269127846, 0.40143126249313354, 0.4734356105327606, -0.013334970921278, 0.39167264103889465, 0.4102349281311035, -0.012302439659833908, 0.3863331973552704, 0.3574470579624176, -0.01704329252243042,super victory
0.46210864186286926, 0.8637335300445557, 1.3548757671344447e-09, 0.5468408465385437, 0.8169146776199341, -0.049693647772073746, 0.6089029908180237, 0.7290174961090088, -0.08144950866699219, 0.631794273853302, 0.6385052800178528, -0.11470183730125427, 0.6151342391967773, 0.5448845028877258, -0.14353011548519135, 0.5639537572860718, 0.5976343750953674, 0.010688983835279942, 0.5901934504508972, 0.521834671497345, -0.0005637630238197744, 0.5934233069419861, 0.5402661561965942, -0.005575235933065414, 0.5824027061462402, 0.570562481880188, -0.010578541085124016, 0.5167790055274963, 0.5597661733627319, 0.010106231085956097, 0.5418667793273926, 0.4476708769798279, 0.014755535870790482, 0.5535719394683838, 0.3783852159976959, 0.0020347966346889734, 0.5624136924743652, 0.3104006052017212, -0.014235259033739567, 0.4671882390975952, 0.5517580509185791, -0.00229511596262455, 0.47234046459198, 0.44006937742233276, 0.010556059889495373, 0.47986507415771484, 0.36656004190444946, 0.009006943553686142, 0.48525184392929077, 0.3108964264392853, -0.0028852748218923807, 0.41377612948417664, 0.5673698782920837, -0.024341747164726257, 0.39392364025115967, 0.4738614559173584, -0.012735818512737751, 0.3827786445617676, 0.40891560912132263, -0.009087913669645786, 0.37605714797973633, 0.3539012372493744, -0.012676391750574112,super victory
0.46561533212661743, 0.8655998110771179, 1.2667095150575847e-09, 0.5480338335037231, 0.8164745569229126, -0.04923737421631813, 0.6104230880737305, 0.729530394077301, -0.08044561743736267, 0.6324034333229065, 0.6376751065254211, -0.11287937313318253, 0.6142853498458862, 0.5444218516349792, -0.14051160216331482, 0.5661627054214478, 0.5988151431083679, 0.00877847708761692, 0.5917847752571106, 0.527755081653595, -0.0016723936423659325, 0.593599796295166, 0.5472084283828735, -0.0057075247168540955, 0.5829468965530396, 0.5761200785636902, -0.0101209981366992, 0.5201685428619385, 0.5605399012565613, 0.008678663522005081, 0.5451421737670898, 0.4512113928794861, 0.013553050346672535, 0.5564026236534119, 0.38253551721572876, 0.0013922207290306687, 0.5648849010467529, 0.31310224533081055, -0.01465633139014244, 0.47132477164268494, 0.5530702471733093, -0.0028901095502078533, 0.476701021194458, 0.4446088969707489, 0.010193565860390663, 0.484518826007843, 0.37644219398498535, 0.008460664190351963, 0.49076032638549805, 0.3237649202346802, -0.003424830036237836, 0.41889113187789917, 0.5699917674064636, -0.023975564166903496, 0.397377073764801, 0.48015734553337097, -0.011714735068380833, 0.3850316107273102, 0.416312575340271, -0.008547037839889526, 0.3777965307235718, 0.35955706238746643, -0.012558309361338615,super victory
0.4658862054347992, 0.8647549152374268, 1.5409780118602612e-09, 0.5483393669128418, 0.8156402111053467, -0.050115056335926056, 0.6100813150405884, 0.7287655472755432, -0.08218598365783691, 0.632148027420044, 0.6377797722816467, -0.11548858135938644, 0.6149221062660217, 0.5447213649749756, -0.14398156106472015, 0.565686047077179, 0.5982343554496765, 0.008713223971426487, 0.5920194387435913, 0.5242353677749634, -0.00227088900282979, 0.5933219790458679, 0.543929934501648, -0.006670186761766672, 0.5813878774642944, 0.5740650296211243, -0.011201034300029278, 0.5191450715065002, 0.5603808164596558, 0.008959596045315266, 0.5439692735671997, 0.45040053129196167, 0.013874196447432041, 0.5553232431411743, 0.38226765394210815, 0.0018904184689745307, 0.5640248656272888, 0.3132278025150299, -0.014001918025314808, 0.4702608585357666, 0.5528312921524048, -0.0024949475191533566, 0.47485658526420593, 0.44327613711357117, 0.010908703319728374, 0.4823397099971771, 0.3736088275909424, 0.0098173338919878, 0.48815029859542847, 0.32024797797203064, -0.0017648491775617003, 0.41806676983833313, 0.5689899325370789, -0.023618653416633606, 0.39645689725875854, 0.47759076952934265, -0.010931631550192833, 0.3837495446205139, 0.41298091411590576, -0.007158744148910046, 0.3762528896331787, 0.3560559153556824, -0.010836104862391949,super victory
0.46446049213409424, 0.8643670082092285, 1.1946363898118761e-09, 0.5476599931716919, 0.8159449100494385, -0.052863750606775284, 0.6099268198013306, 0.7290244102478027, -0.08539360016584396, 0.6322365403175354, 0.6376020312309265, -0.11862745136022568, 0.6147484183311462, 0.5450963973999023, -0.14705035090446472, 0.5678419470787048, 0.5941445231437683, 0.006293092854321003, 0.5929285287857056, 0.518592119216919, -0.004317202139645815, 0.5949739813804626, 0.533574640750885, -0.00869591161608696, 0.5842599868774414, 0.5619717240333557, -0.013266314752399921, 0.5204204320907593, 0.5568326115608215, 0.008076171390712261, 0.5452039241790771, 0.44516173005104065, 0.012820493429899216, 0.5559589266777039, 0.3754608929157257, 0.0007032592548057437, 0.5636137127876282, 0.3075869381427765, -0.015007606707513332, 0.47071710228919983, 0.5498228073120117, -0.0018814605427905917, 0.4760507345199585, 0.44051459431648254, 0.01097926963120699, 0.4848615527153015, 0.3721751570701599, 0.009128066711127758, 0.49126961827278137, 0.320322722196579, -0.0026218313723802567, 0.4177100658416748, 0.5673915147781372, -0.021679572761058807, 0.39639708399772644, 0.4780537784099579, -0.009524154476821423, 0.38297903537750244, 0.414265513420105, -0.006460580043494701, 0.3735165596008301, 0.3584268093109131, -0.010284646414220333,super victory
0.46389204263687134, 0.865225076675415, 1.5872088088286773e-09, 0.5475101470947266, 0.8153212070465088, -0.05072566866874695, 0.6103127002716064, 0.7295806407928467, -0.08289892971515656, 0.6325327157974243, 0.6382656097412109, -0.11635681986808777, 0.6142219305038452, 0.5439496636390686, -0.144923135638237, 0.5675626993179321, 0.5953300595283508, 0.008850916288793087, 0.5921106338500977, 0.521859884262085, -0.001619087066501379, 0.5937215089797974, 0.5410684943199158, -0.005862795747816563, 0.5821732878684998, 0.5700080990791321, -0.010466388426721096, 0.5207442045211792, 0.5579419732093811, 0.009186149574816227, 0.545592188835144, 0.4474777579307556, 0.013998673297464848, 0.5563628673553467, 0.3792308568954468, 0.0018692646408453584, 0.5640429854393005, 0.3099695146083832, -0.014024971053004265, 0.47158968448638916, 0.550563633441925, -0.0021950367372483015, 0.4775891602039337, 0.44213175773620605, 0.010826203972101212, 0.48612284660339355, 0.3748241662979126, 0.00919090211391449, 0.4922754168510437, 0.32299691438674927, -0.0025313100777566433, 0.41906172037124634, 0.5672361850738525, -0.023324651643633842, 0.3978809118270874, 0.47887399792671204, -0.010686122812330723, 0.3844339847564697, 0.4162623882293701, -0.007205290719866753, 0.37518298625946045, 0.36100858449935913, -0.01090721134096384,super victory
0.4637136161327362, 0.8649808168411255, 2.002431997993881e-09, 0.5474772453308105, 0.8156176805496216, -0.051419295370578766, 0.6100531220436096, 0.7299225926399231, -0.0837337002158165, 0.6326298117637634, 0.6388948559761047, -0.11713448911905289, 0.6150603890419006, 0.5451714992523193, -0.14560271799564362, 0.5667086839675903, 0.5951847434043884, 0.008320868946611881, 0.5913772583007812, 0.5197891592979431, -0.002411136170849204, 0.5935004949569702, 0.5373430848121643, -0.006759577430784702, 0.5826840996742249, 0.5669588446617126, -0.011240510269999504, 0.5198132395744324, 0.5574290752410889, 0.009259936399757862, 0.5433504581451416, 0.4455978274345398, 0.013760204426944256, 0.5542095303535461, 0.3765638470649719, 0.0015457714907824993, 0.5626213550567627, 0.3078081011772156, -0.014223598875105381, 0.4707479476928711, 0.5500891208648682, -0.0015806773444637656, 0.47507399320602417, 0.44036397337913513, 0.011168627999722958, 0.48257479071617126, 0.3720288574695587, 0.009401272051036358, 0.48839613795280457, 0.3197833299636841, -0.0022503661457449198, 0.41870349645614624, 0.5670151710510254, -0.022200696170330048, 0.39713531732559204, 0.47819918394088745, -0.009681475348770618, 0.38369303941726685, 0.41523459553718567, -0.006294942926615477, 0.374866247177124, 0.35993820428848267, -0.009970637038350105,super victory
0.4563254415988922, 0.8684661388397217, 1.2673001537066853e-09, 0.5428821444511414, 0.8187792897224426, -0.04884757101535797, 0.6072515845298767, 0.7301245927810669, -0.08001309633255005, 0.6306268572807312, 0.6382061839103699, -0.11319880187511444, 0.6123250722885132, 0.5437740087509155, -0.1413864940404892, 0.5616745352745056, 0.5924441814422607, 0.015652010217308998, 0.5867162346839905, 0.5156874060630798, 0.006339836400002241, 0.5898504853248596, 0.5342130661010742, 0.0022920086048543453, 0.5789889693260193, 0.5654554963111877, -0.002263879869133234, 0.5147483348846436, 0.5559091567993164, 0.01488524116575718, 0.5397849678993225, 0.4423719644546509, 0.021124232560396194, 0.5525195598602295, 0.3711172640323639, 0.008768515661358833, 0.562025785446167, 0.30123287439346313, -0.007277338765561581, 0.4656153917312622, 0.549551784992218, 0.0020734721329063177, 0.47073009610176086, 0.4394422769546509, 0.017168033868074417, 0.48011285066604614, 0.3694320619106293, 0.016420798376202583, 0.48697957396507263, 0.3156776428222656, 0.00499412976205349, 0.4131198525428772, 0.5667830109596252, -0.020672831684350967, 0.39303719997406006, 0.4761415123939514, -0.006423338782042265, 0.3803515136241913, 0.41200605034828186, -0.0020470956806093454, 0.37197643518447876, 0.3565540015697479, -0.005238028708845377,super victory
0.4577118158340454, 0.8722368478775024, 6.74562850022653e-10, 0.5424076318740845, 0.8240194320678711, -0.0521341972053051, 0.6064472198486328, 0.7382849454879761, -0.08516309410333633, 0.630098819732666, 0.6462996006011963, -0.119066022336483, 0.6121342778205872, 0.5520023107528687, -0.1478048861026764, 0.5608885884284973, 0.5966796875, 0.004917671903967857, 0.5874149799346924, 0.5210661888122559, -0.005739171523600817, 0.589029848575592, 0.5426275134086609, -0.009241596795618534, 0.5783072710037231, 0.5747107267379761, -0.013545660302042961, 0.5140601396560669, 0.5595413446426392, 0.005451264791190624, 0.5402275323867798, 0.44579052925109863, 0.009121674112975597, 0.5518701076507568, 0.3753945231437683, -0.003601625794544816, 0.5606276988983154, 0.3045239746570587, -0.02004830166697502, 0.46506258845329285, 0.5542474389076233, -0.005510981194674969, 0.4725149869918823, 0.44499343633651733, 0.006660986691713333, 0.4822004437446594, 0.37676411867141724, 0.004351184703409672, 0.48959922790527344, 0.323350727558136, -0.007758737076073885, 0.413063108921051, 0.5738511085510254, -0.026262052357196808, 0.3928849399089813, 0.48487281799316406, -0.014476082287728786, 0.38194984197616577, 0.42152464389801025, -0.011757532134652138, 0.3754265308380127, 0.3647453784942627, -0.015935346484184265,super victory
0.4586951732635498, 0.8723375797271729, 4.352019855602407e-10, 0.5425917506217957, 0.8258767127990723, -0.05346502363681793, 0.6072503924369812, 0.7399659156799316, -0.08631693571805954, 0.6301387548446655, 0.6479833722114563, -0.11943016201257706, 0.6131078600883484, 0.5550813674926758, -0.1473069041967392, 0.5649410486221313, 0.5980255007743835, 0.002795317443087697, 0.5893122553825378, 0.5214462280273438, -0.007678700145334005, 0.59046471118927, 0.5420472621917725, -0.010815021581947803, 0.5801039338111877, 0.5747087597846985, -0.014714965596795082, 0.5188030004501343, 0.5609493255615234, 0.004748791456222534, 0.5442382097244263, 0.4471747875213623, 0.007993313483893871, 0.5551119446754456, 0.37599700689315796, -0.004864085931330919, 0.5625556707382202, 0.30674952268600464, -0.021042082458734512, 0.4696577489376068, 0.5558409690856934, -0.004635695368051529, 0.4762612581253052, 0.4474071264266968, 0.006719146389514208, 0.4860190749168396, 0.37891054153442383, 0.003490078030154109, 0.49378401041030884, 0.3253038823604584, -0.008816245011985302, 0.41718602180480957, 0.5752294659614563, -0.023759106174111366, 0.3982527256011963, 0.48751014471054077, -0.012824678793549538, 0.3875335454940796, 0.42542874813079834, -0.010782928206026554, 0.38119053840637207, 0.36935046315193176, -0.015113664790987968,super victory
0.4573357403278351, 0.8716994524002075, 9.090500019404146e-10, 0.5427074432373047, 0.8256372809410095, -0.05100962147116661, 0.6075984239578247, 0.7385531663894653, -0.08341676741838455, 0.630240261554718, 0.6455972194671631, -0.11676442623138428, 0.6138820052146912, 0.5514414310455322, -0.1449650526046753, 0.5631231665611267, 0.5985174179077148, 0.005603202618658543, 0.5880909562110901, 0.5198377966880798, -0.0044351075775921345, 0.5894654989242554, 0.5409867763519287, -0.007580254226922989, 0.577612578868866, 0.5730330348014832, -0.011632869020104408, 0.5177976489067078, 0.5620737671852112, 0.006483630742877722, 0.5432369112968445, 0.44773194193840027, 0.010657467879354954, 0.5551838278770447, 0.3765927851200104, -0.00171951437368989, 0.563092052936554, 0.3067537248134613, -0.017805907875299454, 0.4694138467311859, 0.5565330386161804, -0.0038526165299117565, 0.47698909044265747, 0.44760778546333313, 0.008964715525507927, 0.4873522222042084, 0.378781795501709, 0.006921232212334871, 0.49472132325172424, 0.3254220187664032, -0.00505927624180913, 0.4176727533340454, 0.5745967626571655, -0.023906361311674118, 0.39782437682151794, 0.4875912070274353, -0.011404871940612793, 0.3859570026397705, 0.42609304189682007, -0.008272796869277954, 0.3781217038631439, 0.3712419867515564, -0.012163162231445312,super victory
0.4631384611129761, 0.8686037659645081, 1.337158495040569e-09, 0.5443925857543945, 0.8202580809593201, -0.0481598861515522, 0.6080939769744873, 0.7350944876670837, -0.07832254469394684, 0.6315942406654358, 0.643833577632904, -0.11009481549263, 0.6156330704689026, 0.5501201748847961, -0.1374710649251938, 0.5621857643127441, 0.5965955257415771, 0.01077973935753107, 0.5865926146507263, 0.5224329233169556, 0.0004042033979203552, 0.5903719067573547, 0.5377448201179504, -0.004798721522092819, 0.5802876353263855, 0.5651039481163025, -0.010102096013724804, 0.5178313255310059, 0.561188817024231, 0.010348886251449585, 0.5433069467544556, 0.4491305947303772, 0.013572977855801582, 0.5562347769737244, 0.37863266468048096, -0.001339987851679325, 0.5646202564239502, 0.31216755509376526, -0.018728412687778473, 0.47042128443717957, 0.555446207523346, -0.0013449309626594186, 0.47860366106033325, 0.4481242597103119, 0.009613679721951485, 0.4888613522052765, 0.3812289834022522, 0.004554006736725569, 0.49617496132850647, 0.3296830952167511, -0.008847065269947052, 0.41940250992774963, 0.5731664896011353, -0.022436073049902916, 0.40149301290512085, 0.4862745702266693, -0.012228449806571007, 0.39162102341651917, 0.4248303472995758, -0.011570612899959087, 0.3857319951057434, 0.37033653259277344, -0.016857566311955452,super victory
0.4687046706676483, 0.8631298542022705, 6.619424453013778e-10, 0.5499422550201416, 0.8159394264221191, -0.047484349459409714, 0.6116660833358765, 0.7308021187782288, -0.0754711851477623, 0.6333565711975098, 0.6394240856170654, -0.10529428720474243, 0.6207095384597778, 0.5477271676063538, -0.13095921277999878, 0.5698533058166504, 0.5979478359222412, 0.016730135306715965, 0.5900507569313049, 0.5260677933692932, 0.007832052186131477, 0.5894416570663452, 0.5412610173225403, 0.003282926743850112, 0.5776129364967346, 0.5693621635437012, -0.001334432978183031, 0.5243047475814819, 0.5621041059494019, 0.01678198017179966, 0.5503297448158264, 0.45337051153182983, 0.021348757669329643, 0.5620259046554565, 0.3846453130245209, 0.006559702567756176, 0.5703949928283691, 0.3205917179584503, -0.010321891866624355, 0.4763794541358948, 0.5551109910011292, 0.005253635812550783, 0.48472386598587036, 0.44797784090042114, 0.016290538012981415, 0.4954798221588135, 0.3801225423812866, 0.010571860708296299, 0.5041067600250244, 0.32912805676460266, -0.0026755044236779213, 0.425182580947876, 0.5714587569236755, -0.015586450695991516, 0.4105038642883301, 0.48313432931900024, -0.005553665570914745, 0.40222910046577454, 0.4229511022567749, -0.004945898894220591, 0.3975948095321655, 0.371263712644577, -0.009847803972661495,super victory
0.4695100784301758, 0.8550114035606384, -1.0985230503024468e-09, 0.5492848753929138, 0.8153895139694214, -0.04413808882236481, 0.6162868142127991, 0.7297049164772034, -0.06785693019628525, 0.6418482065200806, 0.6373630166053772, -0.09095260500907898, 0.630368173122406, 0.5555692911148071, -0.1098666787147522, 0.5759835243225098, 0.6063134074211121, -0.0029788233805447817, 0.605216920375824, 0.529151201248169, -0.0140109583735466, 0.6055729389190674, 0.5520790815353394, -0.01520551461726427, 0.5980635285377502, 0.5871359705924988, -0.017268093302845955, 0.5330777168273926, 0.5683907270431519, -0.002238510875031352, 0.5553572773933411, 0.45162367820739746, -0.006127628032118082, 0.5675919651985168, 0.3849269151687622, -0.023261863738298416, 0.5797808766365051, 0.3244147002696991, -0.040935318917036057, 0.48676854372024536, 0.5596495270729065, -0.010271264240145683, 0.4962271451950073, 0.4468875527381897, -0.011436902917921543, 0.5073626041412354, 0.37674814462661743, -0.02702007256448269, 0.5195496678352356, 0.32467174530029297, -0.043923519551754, 0.4372003674507141, 0.573432981967926, -0.025026049464941025, 0.4266469478607178, 0.47789818048477173, -0.025412773713469505, 0.4218144416809082, 0.4195893108844757, -0.032579392194747925, 0.4233343005180359, 0.37191084027290344, -0.041897717863321304,super victory
0.4674729108810425, 0.8526174426078796, 6.097836124929756e-10, 0.5490873456001282, 0.8119618892669678, -0.043241992592811584, 0.6174680590629578, 0.7271155118942261, -0.06715498119592667, 0.6436547040939331, 0.6359272003173828, -0.09069201350212097, 0.6298488974571228, 0.5538565516471863, -0.10989823192358017, 0.571928083896637, 0.6055153012275696, -0.0026655024848878384, 0.6039334535598755, 0.5279537439346313, -0.014697995036840439, 0.6066847443580627, 0.546728253364563, -0.016138022765517235, 0.6019481420516968, 0.5783068537712097, -0.01801692694425583, 0.5299434065818787, 0.5674530863761902, -0.0026652656961232424, 0.5535412430763245, 0.4507080018520355, -0.006952607538551092, 0.5665423274040222, 0.38455215096473694, -0.022651098668575287, 0.5805632472038269, 0.3222322463989258, -0.039095137268304825, 0.48504072427749634, 0.5594280958175659, -0.01160471048206091, 0.4968017339706421, 0.4476713240146637, -0.012830832973122597, 0.5079275965690613, 0.3779398798942566, -0.02610703557729721, 0.5202708840370178, 0.3240419924259186, -0.04133595526218414, 0.43660223484039307, 0.5736444592475891, -0.027433956041932106, 0.4244600534439087, 0.4799294173717499, -0.027107667177915573, 0.4191567599773407, 0.42068344354629517, -0.0328611396253109, 0.42103248834609985, 0.3708782196044922, -0.04116406291723251,super victory
0.4746941328048706, 0.8512687087059021, 1.4972777462318732e-09, 0.5580865144729614, 0.8123648166656494, -0.037641894072294235, 0.6202725172042847, 0.7194255590438843, -0.05573110654950142, 0.6495702266693115, 0.6219691634178162, -0.07600532472133636, 0.6657100915908813, 0.5407990217208862, -0.096307672560215, 0.5758044719696045, 0.607817530632019, 0.01618080399930477, 0.6150086522102356, 0.5357820987701416, 0.004344054497778416, 0.6364145278930664, 0.5132006406784058, -0.0053690518252551556, 0.6488408446311951, 0.5079445838928223, -0.012834379449486732, 0.5325623154640198, 0.5721440315246582, 0.012951896525919437, 0.5566945672035217, 0.4560968279838562, 0.008626919239759445, 0.5699633955955505, 0.38519707322120667, -0.013135845772922039, 0.5854611396789551, 0.3282061815261841, -0.0323592908680439, 0.4880084991455078, 0.5622566938400269, 0.00017094863869715482, 0.5037458539009094, 0.44732803106307983, -0.0056467545218765736, 0.5157037973403931, 0.37445688247680664, -0.026421155780553818, 0.5311875939369202, 0.31967830657958984, -0.04527375474572182, 0.44216224551200867, 0.5714133381843567, -0.019022688269615173, 0.4406198263168335, 0.47912147641181946, -0.026608677580952644, 0.4449515640735626, 0.42408180236816406, -0.03850372135639191, 0.4569211006164551, 0.37772831320762634, -0.04998284950852394,super victory
0.47196659445762634, 0.851913571357727, 3.105043722140266e-10, 0.5517116189002991, 0.8128544092178345, -0.0310781579464674, 0.6123523712158203, 0.7086127996444702, -0.041394367814064026, 0.6175044775009155, 0.6063241958618164, -0.05281606689095497, 0.6085250973701477, 0.5378899574279785, -0.06505218893289566, 0.597038984298706, 0.6087768077850342, 0.003964769653975964, 0.6367915868759155, 0.51688152551651, -0.00905932579189539, 0.6601850986480713, 0.45804712176322937, -0.019596347585320473, 0.6782838106155396, 0.4029086232185364, -0.027617495507001877, 0.5463264584541321, 0.5807264447212219, 0.0006816460518166423, 0.5585944652557373, 0.46833622455596924, -0.008397890254855156, 0.5641685724258423, 0.40148675441741943, -0.024647489190101624, 0.5708088874816895, 0.3440319299697876, -0.03845583647489548, 0.49679213762283325, 0.5758722424507141, -0.01010989025235176, 0.5196532011032104, 0.47315526008605957, -0.02985214814543724, 0.5453112721443176, 0.4066997170448303, -0.054531969130039215, 0.5653950572013855, 0.3509472608566284, -0.0709768757224083, 0.44119852781295776, 0.5852292776107788, -0.025799447670578957, 0.4445880651473999, 0.4936049282550812, -0.04316944256424904, 0.44765332341194153, 0.43900126218795776, -0.06003307178616524, 0.45175909996032715, 0.3915044665336609, -0.07332149147987366,super victory
0.47152671217918396, 0.8491654992103577, -1.5843411305116462e-10, 0.5494059324264526, 0.8112987279891968, -0.029124245047569275, 0.6094278693199158, 0.7123474478721619, -0.03908331319689751, 0.6168408989906311, 0.6120462417602539, -0.050644610077142715, 0.607653021812439, 0.541959822177887, -0.06302352994680405, 0.5968185067176819, 0.608440637588501, 0.006669053342193365, 0.6371769905090332, 0.5143013596534729, -0.004136751405894756, 0.6618037223815918, 0.45577242970466614, -0.013746030628681183, 0.6812440156936646, 0.404060035943985, -0.021528808400034904, 0.5474550724029541, 0.581252932548523, 0.002899427432566881, 0.5589079856872559, 0.46869271993637085, -0.0036828250158578157, 0.5648529529571533, 0.4009850025177002, -0.01829516887664795, 0.5710319876670837, 0.3427329659461975, -0.03105827420949936, 0.49860137701034546, 0.5774034261703491, -0.008192029781639576, 0.5208925604820251, 0.4773538410663605, -0.02432730793952942, 0.5485522747039795, 0.40824875235557556, -0.04723362997174263, 0.5693333745002747, 0.3519068658351898, -0.06325928121805191, 0.4437350928783417, 0.588635265827179, -0.024276740849018097, 0.4479233920574188, 0.49555304646492004, -0.03902643546462059, 0.45150434970855713, 0.43657582998275757, -0.054561421275138855, 0.45472580194473267, 0.3866324722766876, -0.06722961366176605,super victory
0.47534626722335815, 0.8453819751739502, 1.3762033734820989e-09, 0.5493485331535339, 0.8134952783584595, -0.015953829512000084, 0.6042065620422363, 0.7197888493537903, -0.027235783636569977, 0.589561402797699, 0.6334552764892578, -0.045544710010290146, 0.5427320003509521, 0.6002446413040161, -0.061009444296360016, 0.581616997718811, 0.5991635918617249, 0.02404596656560898, 0.6290825009346008, 0.5087569952011108, 0.008304250426590443, 0.654374361038208, 0.45188528299331665, -0.005612106993794441, 0.6720589399337769, 0.4024330973625183, -0.01863721013069153, 0.530529260635376, 0.5776895880699158, 0.006488501094281673, 0.5438095331192017, 0.4460878372192383, -0.015732022002339363, 0.5546411275863647, 0.3662736713886261, -0.040681641548871994, 0.5601626038551331, 0.3065851926803589, -0.058638136833906174, 0.48268797993659973, 0.5853755474090576, -0.01780952699482441, 0.5063811540603638, 0.5060403347015381, -0.05097820982336998, 0.5184683203697205, 0.5834596753120422, -0.06109308823943138, 0.5181686282157898, 0.6486713290214539, -0.058504655957221985, 0.4376402497291565, 0.612503170967102, -0.04738428816199303, 0.4664331078529358, 0.5571080446243286, -0.07139798998832703, 0.48537370562553406, 0.6137593984603882, -0.07428287714719772, 0.49162808060646057, 0.6711973547935486, -0.07076463103294373,super victory
0.46604323387145996, 0.8560485243797302, 2.752722716437006e-09, 0.5429523587226868, 0.8217827081680298, -0.014115949161350727, 0.5954722762107849, 0.7142041921615601, -0.025599388405680656, 0.5773025155067444, 0.6225427389144897, -0.04500862956047058, 0.5350717306137085, 0.5845276117324829, -0.06098514795303345, 0.5771414637565613, 0.6025030016899109, 0.02374114841222763, 0.6281729936599731, 0.5086939334869385, 0.003963415510952473, 0.6569904088973999, 0.45151233673095703, -0.011836636811494827, 0.6759874820709229, 0.40109288692474365, -0.025294974446296692, 0.5237278938293457, 0.5799174904823303, 0.005593627691268921, 0.5357962846755981, 0.44157111644744873, -0.023243827745318413, 0.5457562208175659, 0.3579174876213074, -0.0502035990357399, 0.5480377674102783, 0.29338303208351135, -0.06819514185190201, 0.4738852083683014, 0.5899084806442261, -0.0190357007086277, 0.494195818901062, 0.529456615447998, -0.0538988895714283, 0.5052638649940491, 0.6175258159637451, -0.0585017092525959, 0.5017209053039551, 0.6827394366264343, -0.05061710253357887, 0.4238447844982147, 0.6175317764282227, -0.049477942287921906, 0.45192986726760864, 0.5700440406799316, -0.0727226734161377, 0.46569573879241943, 0.6289747357368469, -0.07178256660699844, 0.46601712703704834, 0.6803989410400391, -0.06421960890293121,super victory
0.4445783793926239, 0.8754754066467285, 1.5613663695290825e-09, 0.5214900970458984, 0.8469275236129761, -0.02591087855398655, 0.5745010375976562, 0.7468662261962891, -0.04820037633180618, 0.5639459490776062, 0.6590315103530884, -0.07667823135852814, 0.528870165348053, 0.6126212477684021, -0.10190548747777939, 0.5657638907432556, 0.6038309931755066, -0.002366225467994809, 0.6215481758117676, 0.5032277703285217, -0.030888952314853668, 0.6539019346237183, 0.4422077536582947, -0.05364483222365379, 0.6756882667541504, 0.38737183809280396, -0.0722750723361969, 0.5090226531028748, 0.5826072692871094, -0.019422899931669235, 0.5179025530815125, 0.4388797879219055, -0.055154215544462204, 0.5224063992500305, 0.3478853404521942, -0.08554910123348236, 0.5205414295196533, 0.2767060697078705, -0.10760727524757385, 0.45526599884033203, 0.5997815132141113, -0.043090030550956726, 0.4760114550590515, 0.5294592976570129, -0.08135779947042465, 0.4946630895137787, 0.6017205715179443, -0.08696769177913666, 0.4991093873977661, 0.6633948683738708, -0.08232671022415161, 0.405070424079895, 0.6366143226623535, -0.07372966408729553, 0.43699079751968384, 0.5914973020553589, -0.10023712366819382, 0.46097126603126526, 0.6361832618713379, -0.10079718381166458, 0.47115325927734375, 0.6811594367027283, -0.09573180228471756,super victory
0.4466799795627594, 0.8806045055389404, -7.019317904699562e-10, 0.5220730900764465, 0.8447215557098389, -0.021679986268281937, 0.574569821357727, 0.7406479716300964, -0.04273832589387894, 0.5637730360031128, 0.6518929600715637, -0.07211504131555557, 0.5299756526947021, 0.6045215725898743, -0.09860486537218094, 0.5672241449356079, 0.5993962287902832, 0.007150465622544289, 0.6215891242027283, 0.49906498193740845, -0.020012225955724716, 0.6525320410728455, 0.4393157362937927, -0.041571881622076035, 0.6734949350357056, 0.3850559592247009, -0.05977485701441765, 0.5108904838562012, 0.5795823335647583, -0.01438179798424244, 0.5183641314506531, 0.43511539697647095, -0.0488358810544014, 0.5231661796569824, 0.34623831510543823, -0.07905057072639465, 0.5213677287101746, 0.2764986455440521, -0.10142626613378525, 0.4559977054595947, 0.5962977409362793, -0.04326499626040459, 0.483230322599411, 0.5311242341995239, -0.08332382887601852, 0.5021690726280212, 0.6047590970993042, -0.09205601364374161, 0.5042131543159485, 0.6636593341827393, -0.08940749615430832, 0.4047192633152008, 0.6314106583595276, -0.07891277968883514, 0.4453336000442505, 0.592793881893158, -0.10816081613302231, 0.4735003709793091, 0.637952983379364, -0.11150820553302765, 0.48595574498176575, 0.6787827014923096, -0.10853074491024017,super victory
0.42628076672554016, 0.902396023273468, 4.881508530729661e-09, 0.5042403340339661, 0.8645063638687134, -0.028275446966290474, 0.5555436611175537, 0.7639687061309814, -0.05496269091963768, 0.527397871017456, 0.676158607006073, -0.08612718433141708, 0.4773964285850525, 0.6291133165359497, -0.11531155556440353, 0.553124725818634, 0.5980207324028015, -0.017871452495455742, 0.6061282753944397, 0.49314355850219727, -0.047521527856588364, 0.6400225162506104, 0.4256775975227356, -0.07191091775894165, 0.6628428101539612, 0.3694882392883301, -0.09267166256904602, 0.4900016188621521, 0.5764638185501099, -0.03641236945986748, 0.494383841753006, 0.42622071504592896, -0.06662681698799133, 0.4965061843395233, 0.3281562626361847, -0.09567362070083618, 0.4921197295188904, 0.2517969608306885, -0.12061318755149841, 0.4305112063884735, 0.5988903045654297, -0.061021316796541214, 0.4319371283054352, 0.5158618092536926, -0.09379546344280243, 0.4451771378517151, 0.5173121094703674, -0.11123649775981903, 0.4498583972454071, 0.5263007879257202, -0.12107615917921066, 0.37583839893341064, 0.647773265838623, -0.0918886810541153, 0.40129074454307556, 0.6162445545196533, -0.11533054709434509, 0.4283755421638489, 0.6490625739097595, -0.1218666210770607, 0.44473475217819214, 0.6851224899291992, -0.12565584480762482,super victory
0.4245690405368805, 0.9023865461349487, 2.0386421439866353e-09, 0.5033011436462402, 0.864274799823761, -0.02791079320013523, 0.5555773973464966, 0.7586460113525391, -0.05634371191263199, 0.5363331437110901, 0.66603684425354, -0.09222547709941864, 0.49623143672943115, 0.6188921928405762, -0.12488768994808197, 0.5515222549438477, 0.6021903157234192, -0.006988163106143475, 0.6056339740753174, 0.4897756576538086, -0.03830903768539429, 0.6391735076904297, 0.4244430959224701, -0.06044010818004608, 0.6615905165672302, 0.36548328399658203, -0.0793629139661789, 0.48936620354652405, 0.5808812975883484, -0.02981492318212986, 0.4926396608352661, 0.4253038465976715, -0.06563887745141983, 0.493882417678833, 0.33096247911453247, -0.0924067348241806, 0.48862993717193604, 0.25257977843284607, -0.11350158601999283, 0.4294145703315735, 0.6020553708076477, -0.06053882837295532, 0.44766923785209656, 0.5281755328178406, -0.10239624232053757, 0.4609626531600952, 0.5894709825515747, -0.1092306599020958, 0.45956313610076904, 0.636064350605011, -0.10640225559473038, 0.37358856201171875, 0.6462448835372925, -0.09857235848903656, 0.41339731216430664, 0.6122315526008606, -0.12857700884342194, 0.4388286769390106, 0.6658952236175537, -0.12935513257980347, 0.44850799441337585, 0.7104869484901428, -0.12517814338207245,super victory
0.40684258937835693, 0.930747389793396, 8.012185914729741e-10, 0.4817156195640564, 0.8912820816040039, -0.03474066033959389, 0.5303855538368225, 0.7926656007766724, -0.0712958425283432, 0.506574273109436, 0.7083754539489746, -0.11464717239141464, 0.4604214131832123, 0.6589937210083008, -0.1545681208372116, 0.5322227478027344, 0.605079710483551, -0.026194443926215172, 0.5923061370849609, 0.4869183301925659, -0.07112454622983932, 0.6294623017311096, 0.415452778339386, -0.1061086505651474, 0.6562891006469727, 0.3538620173931122, -0.13297413289546967, 0.46608632802963257, 0.5904387831687927, -0.04800024256110191, 0.4623112082481384, 0.42830976843833923, -0.10192129760980606, 0.4590097665786743, 0.32813897728919983, -0.14161063730716705, 0.4525125324726105, 0.24651026725769043, -0.16886691749095917, 0.40438345074653625, 0.6217255592346191, -0.07681930810213089, 0.41729918122291565, 0.5834439992904663, -0.12253719568252563, 0.4337662160396576, 0.6700513362884521, -0.12502524256706238, 0.43626371026039124, 0.7287713885307312, -0.11798946559429169, 0.3497038185596466, 0.6755068898200989, -0.11496002227067947, 0.3742525577545166, 0.6456629037857056, -0.14353735744953156, 0.3976057767868042, 0.700789213180542, -0.141475647687912, 0.4078270196914673, 0.7432093620300293, -0.134330153465271,super victory
0.3961697816848755, 0.9539494514465332, -1.5395396069095568e-09, 0.46980875730514526, 0.9132504463195801, -0.03922119364142418, 0.5208767652511597, 0.8209958076477051, -0.08271270245313644, 0.4904758334159851, 0.7429672479629517, -0.13342627882957458, 0.43466368317604065, 0.6968252062797546, -0.18067413568496704, 0.5175217390060425, 0.6137795448303223, -0.03578728809952736, 0.5805947780609131, 0.4931468665599823, -0.08661646395921707, 0.6194985508918762, 0.4172797203063965, -0.12389612942934036, 0.6471708416938782, 0.3522935211658478, -0.15230607986450195, 0.4483068287372589, 0.5971466898918152, -0.06024131551384926, 0.44463229179382324, 0.42642492055892944, -0.12120575457811356, 0.4392130374908447, 0.31973108649253845, -0.16206885874271393, 0.4304007589817047, 0.23483523726463318, -0.18951430916786194, 0.3851238489151001, 0.6287254095077515, -0.09206826239824295, 0.3983294665813446, 0.5995481610298157, -0.14305615425109863, 0.4142571687698364, 0.6994243264198303, -0.1429808884859085, 0.416700154542923, 0.7626649737358093, -0.13339735567569733, 0.33172518014907837, 0.6865570545196533, -0.1343940645456314, 0.3537706434726715, 0.6652490496635437, -0.16554506123065948, 0.37609660625457764, 0.7350137829780579, -0.16140882670879364, 0.3866044282913208, 0.7845786809921265, -0.15213261544704437,super victory
0.39600086212158203, 0.9634706377983093, -1.7270121999146681e-09, 0.4722321629524231, 0.9186190962791443, -0.042117320001125336, 0.5234472751617432, 0.8199899196624756, -0.0854158028960228, 0.48308974504470825, 0.7382693886756897, -0.13563957810401917, 0.4220503568649292, 0.698708713054657, -0.1824549287557602, 0.5187353491783142, 0.6181713342666626, -0.040085308253765106, 0.577040433883667, 0.49078989028930664, -0.09010034799575806, 0.6134045720100403, 0.41128304600715637, -0.12352217733860016, 0.6406505107879639, 0.3462478816509247, -0.14933040738105774, 0.44825243949890137, 0.6004186868667603, -0.0650140568614006, 0.44561630487442017, 0.4250439405441284, -0.12294682115316391, 0.4409227967262268, 0.3177528381347656, -0.1588011384010315, 0.4347570538520813, 0.2328760325908661, -0.1839875429868698, 0.3844658136367798, 0.6309673190116882, -0.09825336188077927, 0.3927308917045593, 0.592666506767273, -0.1523246020078659, 0.406221866607666, 0.6916134357452393, -0.15370877087116241, 0.40982016921043396, 0.7595759630203247, -0.14457254111766815, 0.3303242325782776, 0.6880235075950623, -0.1420404314994812, 0.35148006677627563, 0.671951413154602, -0.1771698296070099, 0.37279853224754333, 0.7427404522895813, -0.17514418065547943, 0.3852173686027527, 0.7948931455612183, -0.1669744849205017,super victory
0.39261457324028015, 0.9601378440856934, -1.4914307566726848e-09, 0.4703627824783325, 0.917046308517456, -0.040877845138311386, 0.5221338868141174, 0.8191592693328857, -0.08194327354431152, 0.4796951413154602, 0.7363582849502563, -0.12975341081619263, 0.415450781583786, 0.6978361010551453, -0.173839271068573, 0.5190916061401367, 0.6203277707099915, -0.03438495099544525, 0.5781287550926208, 0.4952789545059204, -0.07968185842037201, 0.6124122142791748, 0.4175058603286743, -0.11005502939224243, 0.6371259093284607, 0.3528934717178345, -0.1341111809015274, 0.4478307366371155, 0.5999470353126526, -0.05848704278469086, 0.44470882415771484, 0.4278155565261841, -0.11056401580572128, 0.43866607546806335, 0.32371246814727783, -0.14357775449752808, 0.43040573596954346, 0.24117347598075867, -0.16745896637439728, 0.38469550013542175, 0.6294742226600647, -0.09104172140359879, 0.39254939556121826, 0.5941827297210693, -0.1409773975610733, 0.4076114296913147, 0.6913681030273438, -0.14307506382465363, 0.41077229380607605, 0.7589585185050964, -0.13483867049217224, 0.3313804566860199, 0.685582160949707, -0.13383711874485016, 0.3528180718421936, 0.6751934885978699, -0.16648778319358826, 0.3747807741165161, 0.7443414926528931, -0.16516712307929993, 0.38658830523490906, 0.7959714531898499, -0.15774482488632202,super victory
0.39161258935928345, 0.9591508507728577, -2.0969184166830246e-09, 0.47039294242858887, 0.9166748523712158, -0.0449814572930336, 0.5213041305541992, 0.8175821304321289, -0.0874762013554573, 0.4761177599430084, 0.7335129976272583, -0.13613493740558624, 0.4102194607257843, 0.6975791454315186, -0.18098653852939606, 0.5161624550819397, 0.6200408935546875, -0.03581585735082626, 0.5756522417068481, 0.49434036016464233, -0.08136960119009018, 0.6105640530586243, 0.4163515567779541, -0.11252148449420929, 0.6358400583267212, 0.35042160749435425, -0.1372174322605133, 0.44539374113082886, 0.6015649437904358, -0.05790646746754646, 0.4432049095630646, 0.43101853132247925, -0.10979603976011276, 0.4380931258201599, 0.3254295587539673, -0.14412109553813934, 0.4306100606918335, 0.24142155051231384, -0.16880743205547333, 0.3831017315387726, 0.6323671340942383, -0.08880487084388733, 0.39260178804397583, 0.5911694765090942, -0.14058980345726013, 0.4078276753425598, 0.6878172159194946, -0.14434513449668884, 0.4109634757041931, 0.7557581663131714, -0.13641780614852905, 0.3300853371620178, 0.6902416944503784, -0.13003121316432953, 0.3501757085323334, 0.6664824485778809, -0.16445180773735046, 0.3730229437351227, 0.7345843315124512, -0.16360890865325928, 0.3857812285423279, 0.7893364429473877, -0.1561814844608307,super victory
0.3881533443927765, 0.9550780057907104, -2.3361523826537223e-09, 0.46939364075660706, 0.9161792397499084, -0.045159123837947845, 0.5203884243965149, 0.814787745475769, -0.08651379495859146, 0.4726470708847046, 0.7272502779960632, -0.13394393026828766, 0.4078751504421234, 0.6885634064674377, -0.17794211208820343, 0.5187810063362122, 0.6201622486114502, -0.0347566120326519, 0.5757071375846863, 0.4931565821170807, -0.08383077383041382, 0.6110926866531372, 0.4132634401321411, -0.11778216809034348, 0.6367256045341492, 0.3469592332839966, -0.1440419703722, 0.44844555854797363, 0.6017788648605347, -0.056595329195261, 0.44680550694465637, 0.4299094080924988, -0.11333485692739487, 0.43976935744285583, 0.3250613808631897, -0.1513262838125229, 0.4314449727535248, 0.23799794912338257, -0.17750723659992218, 0.38661572337150574, 0.6300305724143982, -0.08749894797801971, 0.3840157389640808, 0.5844818353652954, -0.14429545402526855, 0.3982788622379303, 0.6893768310546875, -0.14984530210494995, 0.40709826350212097, 0.7605753540992737, -0.1419203281402588, 0.3338838219642639, 0.6843035221099854, -0.12882831692695618, 0.33976879715919495, 0.6655210852622986, -0.1665172278881073, 0.3599197268486023, 0.743048369884491, -0.16707897186279297, 0.3773011863231659, 0.7995792627334595, -0.15979233384132385,super victory
0.3883078992366791, 0.9547269344329834, -3.149074556674236e-09, 0.46882352232933044, 0.9133471846580505, -0.04565894603729248, 0.5185157060623169, 0.8120282888412476, -0.08921331912279129, 0.46975645422935486, 0.7263031601905823, -0.13875676691532135, 0.40393733978271484, 0.6875209808349609, -0.18470190465450287, 0.5172331929206848, 0.6199121475219727, -0.03898881375789642, 0.5760921835899353, 0.49289610981941223, -0.08949155360460281, 0.6123784184455872, 0.4143052101135254, -0.12495196610689163, 0.6380448341369629, 0.34864020347595215, -0.15221011638641357, 0.445880651473999, 0.6010475754737854, -0.060487959533929825, 0.4425903260707855, 0.4307354688644409, -0.11923211812973022, 0.43669387698173523, 0.3239343464374542, -0.15864425897598267, 0.42878520488739014, 0.2365328073501587, -0.18557092547416687, 0.3836890757083893, 0.6303829550743103, -0.09049487859010696, 0.38533106446266174, 0.5965169668197632, -0.14645542204380035, 0.40234383940696716, 0.6995978951454163, -0.15081675350666046, 0.41107988357543945, 0.7668469548225403, -0.14238937199115753, 0.33158576488494873, 0.68553626537323, -0.13112884759902954, 0.34037697315216064, 0.6673061847686768, -0.16703572869300842, 0.36110901832580566, 0.7442933320999146, -0.16596075892448425, 0.37728747725486755, 0.8001251220703125, -0.15781104564666748,super victory
0.394286185503006, 0.9512755870819092, -3.229897904688528e-09, 0.4734184741973877, 0.9059629440307617, -0.04011473432183266, 0.5241086483001709, 0.804863452911377, -0.08109373599290848, 0.48000457882881165, 0.7208665609359741, -0.12899050116539001, 0.41664671897888184, 0.6861351728439331, -0.1733327955007553, 0.5184704065322876, 0.6113841533660889, -0.03465071693062782, 0.5771086812019348, 0.4875480532646179, -0.08190023899078369, 0.6126770377159119, 0.4090801477432251, -0.11369147896766663, 0.6387601494789124, 0.34407100081443787, -0.13877905905246735, 0.44718825817108154, 0.5937168598175049, -0.059569958597421646, 0.4448976516723633, 0.4221247732639313, -0.11439861357212067, 0.44079720973968506, 0.31438833475112915, -0.14911547303199768, 0.4350767731666565, 0.2281075417995453, -0.17371881008148193, 0.3839184641838074, 0.6238130927085876, -0.0929059162735939, 0.39326995611190796, 0.5831360220909119, -0.1465856432914734, 0.40968653559684753, 0.6827125549316406, -0.14935113489627838, 0.41573411226272583, 0.7507386803627014, -0.1406925618648529, 0.33190056681632996, 0.6809713840484619, -0.13628621399402618, 0.35235270857810974, 0.6644719839096069, -0.1710214614868164, 0.3756747245788574, 0.7380362749099731, -0.16941674053668976, 0.390859454870224, 0.792710542678833, -0.16160467267036438,super victory
0.39604225754737854, 0.9573787450790405, -1.1377500053200151e-09, 0.4749900996685028, 0.9087765216827393, -0.04020119085907936, 0.5258162617683411, 0.807233452796936, -0.08096256107091904, 0.4837646186351776, 0.7239251732826233, -0.12863817811012268, 0.4190410375595093, 0.6903032064437866, -0.17261604964733124, 0.5189402103424072, 0.6148789525032043, -0.03330374136567116, 0.577010452747345, 0.4880160689353943, -0.08084764331579208, 0.6120913624763489, 0.41014742851257324, -0.11229994148015976, 0.6375078558921814, 0.3456953167915344, -0.13679255545139313, 0.4487866461277008, 0.5987739562988281, -0.057991355657577515, 0.4460480511188507, 0.42461153864860535, -0.11324767768383026, 0.44067856669425964, 0.31979480385780334, -0.147714763879776, 0.43339309096336365, 0.23210543394088745, -0.17167218029499054, 0.38574790954589844, 0.6291368007659912, -0.0912703201174736, 0.39148277044296265, 0.5829777121543884, -0.14503377676010132, 0.4062725305557251, 0.6855465769767761, -0.14674052596092224, 0.41083765029907227, 0.7543145418167114, -0.13696739077568054, 0.3320957124233246, 0.6853899359703064, -0.13465873897075653, 0.3478184640407562, 0.6636949181556702, -0.16923746466636658, 0.36967653036117554, 0.7376859188079834, -0.16706043481826782, 0.3832429349422455, 0.7918272018432617, -0.15843543410301208,super victory
0.3943477272987366, 0.9599145650863647, -7.725142192605006e-10, 0.47371014952659607, 0.9119062423706055, -0.03787368908524513, 0.5236135125160217, 0.8068161606788635, -0.07717631012201309, 0.47702673077583313, 0.7214826345443726, -0.12381210923194885, 0.4119317829608917, 0.6881824731826782, -0.16698136925697327, 0.5194162726402283, 0.6134274005889893, -0.029384026303887367, 0.5758517980575562, 0.48818105459213257, -0.07546911388635635, 0.6112573146820068, 0.40921396017074585, -0.10657987743616104, 0.6369366645812988, 0.34511640667915344, -0.13105763494968414, 0.44823458790779114, 0.5961741805076599, -0.05514480546116829, 0.44589874148368835, 0.42374515533447266, -0.10665825754404068, 0.4397970139980316, 0.31812649965286255, -0.14002330601215363, 0.4313409924507141, 0.232876718044281, -0.1644422858953476, 0.384921669960022, 0.6267879009246826, -0.08964788913726807, 0.38767892122268677, 0.5798171758651733, -0.14108961820602417, 0.4037322700023651, 0.6782461404800415, -0.1439944952726364, 0.41153889894485474, 0.7481314539909363, -0.13629457354545593, 0.3311319351196289, 0.6832419037818909, -0.13421370089054108, 0.34740447998046875, 0.6689839959144592, -0.16780152916908264, 0.3683488368988037, 0.745104193687439, -0.16608384251594543, 0.3833097219467163, 0.8020132780075073, -0.1585976928472519,super victory
0.39523833990097046, 0.9576698541641235, -3.3652725051069865e-09, 0.47472813725471497, 0.9092450141906738, -0.04305002838373184, 0.5241382122039795, 0.8050684332847595, -0.08333027362823486, 0.480704665184021, 0.7162597179412842, -0.1301206350326538, 0.4204840064048767, 0.6797354817390442, -0.17292863130569458, 0.5189670920372009, 0.6148611903190613, -0.030838320031762123, 0.5751140117645264, 0.48596054315567017, -0.0754345953464508, 0.6100561022758484, 0.4076908230781555, -0.10520952939987183, 0.6353114247322083, 0.3433920741081238, -0.12908339500427246, 0.44960319995880127, 0.5989980697631836, -0.053782302886247635, 0.44550472497940063, 0.42686790227890015, -0.10592197626829147, 0.4395703077316284, 0.32002270221710205, -0.1402430236339569, 0.4317031502723694, 0.23363173007965088, -0.16471555829048157, 0.3876662850379944, 0.6295168995857239, -0.08574555069208145, 0.3928043842315674, 0.5882261395454407, -0.13921374082565308, 0.40948328375816345, 0.6864504814147949, -0.14338624477386475, 0.41622304916381836, 0.7538595795631409, -0.13513697683811188, 0.33461329340934753, 0.6856264472007751, -0.12797243893146515, 0.34949931502342224, 0.6605856418609619, -0.16366800665855408, 0.3731037974357605, 0.7332308292388916, -0.16322538256645203, 0.3892399072647095, 0.7903774976730347, -0.15572185814380646,super victory
0.3959861099720001, 0.9577584266662598, -2.910562235669545e-09, 0.47461190819740295, 0.9100319743156433, -0.04186977818608284, 0.5243958830833435, 0.8065522909164429, -0.08151883631944656, 0.4815465807914734, 0.7186810970306396, -0.12785884737968445, 0.42111721634864807, 0.6824707984924316, -0.1704803705215454, 0.5188351273536682, 0.6141886711120605, -0.0293114073574543, 0.5750531554222107, 0.4884398579597473, -0.07502737641334534, 0.6095221638679504, 0.4093858599662781, -0.10640685260295868, 0.6345764994621277, 0.3443664312362671, -0.13142003118991852, 0.44927117228507996, 0.5985005497932434, -0.052933163940906525, 0.4460568130016327, 0.4267960786819458, -0.10601102560758591, 0.4395867884159088, 0.3187841773033142, -0.14210577309131622, 0.4314604699611664, 0.23056432604789734, -0.16794030368328094, 0.38683775067329407, 0.6287865042686462, -0.085523322224617, 0.3889722228050232, 0.5850256085395813, -0.14026904106140137, 0.4055841863155365, 0.6847348809242249, -0.1457519680261612, 0.41410940885543823, 0.7543523907661438, -0.13838551938533783, 0.33341699838638306, 0.6846575736999512, -0.12824398279190063, 0.345476359128952, 0.6629410982131958, -0.1651133894920349, 0.3687683343887329, 0.7377901077270508, -0.1653272807598114, 0.38632187247276306, 0.7960097789764404, -0.15826620161533356,super victory
0.39563485980033875, 0.9572004079818726, -2.8986448796786135e-09, 0.47686734795570374, 0.9102857708930969, -0.04083561524748802, 0.5293786525726318, 0.8066483736038208, -0.08129635453224182, 0.4871552288532257, 0.7199957370758057, -0.12889134883880615, 0.42413488030433655, 0.6880664229393005, -0.17240431904792786, 0.5198920369148254, 0.6156980991363525, -0.029290100559592247, 0.5767219662666321, 0.48980599641799927, -0.07459819316864014, 0.610755980014801, 0.41271406412124634, -0.10446743667125702, 0.6349528431892395, 0.34874993562698364, -0.1281070113182068, 0.45099472999572754, 0.5995416641235352, -0.053835976868867874, 0.4473845064640045, 0.4288673996925354, -0.10675281286239624, 0.44167259335517883, 0.3238435685634613, -0.14054007828235626, 0.4339631199836731, 0.23732009530067444, -0.16410158574581146, 0.38905781507492065, 0.6300370693206787, -0.08731000870466232, 0.39562666416168213, 0.58474200963974, -0.1412539929151535, 0.41044291853904724, 0.6854216456413269, -0.14373897016048431, 0.41521039605140686, 0.7536415457725525, -0.13397566974163055, 0.33560943603515625, 0.6867794394493103, -0.13084037601947784, 0.35289567708969116, 0.6577460765838623, -0.16605882346630096, 0.37588179111480713, 0.7311462163925171, -0.1638910174369812, 0.39059728384017944, 0.7884268760681152, -0.15502692759037018,super victory
0.39626315236091614, 0.9599533081054688, -1.866222731905509e-09, 0.4756016731262207, 0.9121075868606567, -0.041005656123161316, 0.526892364025116, 0.809589684009552, -0.08195503056049347, 0.4847795069217682, 0.7240885496139526, -0.1297018826007843, 0.42081961035728455, 0.691159725189209, -0.1734238564968109, 0.5178658962249756, 0.6165890693664551, -0.029401736333966255, 0.5752225518226624, 0.49310845136642456, -0.07445333898067474, 0.6094701290130615, 0.41628551483154297, -0.10486384481191635, 0.6341996788978577, 0.35139045119285583, -0.12905587255954742, 0.44917213916778564, 0.6000655889511108, -0.053585465997457504, 0.4460972845554352, 0.4296286702156067, -0.10478783398866653, 0.44078418612480164, 0.32410210371017456, -0.13817116618156433, 0.4337024688720703, 0.23797526955604553, -0.16224193572998047, 0.3874889612197876, 0.6313202381134033, -0.08665730804204941, 0.393023282289505, 0.5804241299629211, -0.1395944356918335, 0.40812957286834717, 0.677731454372406, -0.14229370653629303, 0.4144642949104309, 0.7455769777297974, -0.13352076709270477, 0.33425623178482056, 0.6896651983261108, -0.12968243658542633, 0.3516314625740051, 0.6595746278762817, -0.1645960807800293, 0.3732461631298065, 0.7344425916671753, -0.16202512383460999, 0.3873114287853241, 0.7945772409439087, -0.15337404608726501,super victory
0.3999156951904297, 0.957482099533081, -6.270705621425066e-10, 0.4767523407936096, 0.9067244529724121, -0.03628550097346306, 0.5262196660041809, 0.8020498156547546, -0.07450998574495316, 0.4830940365791321, 0.7185536026954651, -0.12017770856618881, 0.422122985124588, 0.6884284019470215, -0.1623125672340393, 0.5203825831413269, 0.6137632131576538, -0.028372708708047867, 0.5766310691833496, 0.4915875494480133, -0.0731540247797966, 0.6114656925201416, 0.4139990210533142, -0.10302894562482834, 0.6361892223358154, 0.3509633243083954, -0.1266179233789444, 0.4510622024536133, 0.597884476184845, -0.054186802357435226, 0.44943901896476746, 0.42547863721847534, -0.10501853376626968, 0.44370901584625244, 0.32024604082107544, -0.13713423907756805, 0.4346579909324646, 0.23510408401489258, -0.16046899557113647, 0.3890107274055481, 0.6285470724105835, -0.08851774036884308, 0.39286836981773376, 0.5715994834899902, -0.13946402072906494, 0.4092958867549896, 0.6669342517852783, -0.1410577893257141, 0.41583773493766785, 0.7363888621330261, -0.1324586123228073, 0.3354496359825134, 0.6857110261917114, -0.13249483704566956, 0.3539428412914276, 0.6610260009765625, -0.16584241390228271, 0.3772128224372864, 0.733073890209198, -0.16329152882099152, 0.392173171043396, 0.7892839312553406, -0.15521062910556793,super victory
0.3990723490715027, 0.9597651958465576, -1.6305401473459824e-09, 0.47622597217559814, 0.9097282886505127, -0.03699270263314247, 0.5282209515571594, 0.8058410882949829, -0.0763808935880661, 0.48791980743408203, 0.7214682102203369, -0.12351461499929428, 0.42659446597099304, 0.689542293548584, -0.16680537164211273, 0.5205365419387817, 0.6144168972969055, -0.02763276733458042, 0.5772252082824707, 0.48966389894485474, -0.07243708521127701, 0.6113660335540771, 0.4126768708229065, -0.1015898585319519, 0.6360568404197693, 0.3493320941925049, -0.124587282538414, 0.4513675272464752, 0.5986605882644653, -0.05395066365599632, 0.4481472373008728, 0.42705637216567993, -0.10568900406360626, 0.44251978397369385, 0.32249850034713745, -0.1376636028289795, 0.4348876178264618, 0.23767313361167908, -0.160287007689476, 0.38898715376853943, 0.6292352080345154, -0.08890524506568909, 0.39429113268852234, 0.5836465358734131, -0.14099106192588806, 0.4088857173919678, 0.6828069686889648, -0.14186161756515503, 0.4142036437988281, 0.7517890334129333, -0.13179992139339447, 0.33528122305870056, 0.6853821873664856, -0.13374103605747223, 0.35357052087783813, 0.6615203022956848, -0.16725623607635498, 0.3746129274368286, 0.7371253371238708, -0.16368882358074188, 0.38803356885910034, 0.795722246170044, -0.15426960587501526,super victory
0.397866427898407, 0.9531272649765015, -1.1215561812605301e-09, 0.47554972767829895, 0.9045172929763794, -0.03907782584428787, 0.5250658392906189, 0.8020818829536438, -0.08013696223497391, 0.48506030440330505, 0.7156643867492676, -0.12815840542316437, 0.4271276593208313, 0.675375759601593, -0.1724260300397873, 0.5203329920768738, 0.6098576188087463, -0.03020632639527321, 0.5751970410346985, 0.488655686378479, -0.07519087940454483, 0.6092859506607056, 0.4124394655227661, -0.10493870824575424, 0.6350228786468506, 0.34879428148269653, -0.12872456014156342, 0.45137500762939453, 0.5935635566711426, -0.05551662668585777, 0.4489734172821045, 0.42201173305511475, -0.10563696175813675, 0.44420287013053894, 0.32017579674720764, -0.13645295798778534, 0.43877214193344116, 0.23664715886116028, -0.15937888622283936, 0.3900185823440552, 0.625909149646759, -0.08977697044610977, 0.3952212333679199, 0.5618347525596619, -0.14145241677761078, 0.4096829295158386, 0.6532682776451111, -0.14232030510902405, 0.41632920503616333, 0.7206579446792603, -0.13377855718135834, 0.3374324142932892, 0.6869523525238037, -0.13362392783164978, 0.35714128613471985, 0.6574903130531311, -0.1685590147972107, 0.37966084480285645, 0.731247067451477, -0.1653796285390854, 0.39514297246932983, 0.7904022932052612, -0.156973734498024,super victory
0.39808252453804016, 0.953180193901062, -2.1290746943236627e-09, 0.47766923904418945, 0.9044137001037598, -0.03903459757566452, 0.5283745527267456, 0.7999378442764282, -0.0790819525718689, 0.4870656132698059, 0.713464081287384, -0.12674982845783234, 0.42747926712036133, 0.678292989730835, -0.17046143114566803, 0.5210192799568176, 0.6106488108634949, -0.025686796754598618, 0.5767170786857605, 0.4868454337120056, -0.0702994167804718, 0.610227644443512, 0.4110207259654999, -0.10008794069290161, 0.634553849697113, 0.3472636044025421, -0.12369256466627121, 0.45222610235214233, 0.5939636826515198, -0.0507805272936821, 0.448222279548645, 0.42522913217544556, -0.1024017184972763, 0.44272592663764954, 0.3225252330303192, -0.1355937123298645, 0.4359789490699768, 0.23764699697494507, -0.15908361971378326, 0.39043164253234863, 0.6240746974945068, -0.08495315164327621, 0.3979288339614868, 0.580298662185669, -0.13759246468544006, 0.4131370186805725, 0.6798659563064575, -0.1397598683834076, 0.41863980889320374, 0.7478967308998108, -0.13041070103645325, 0.33689776062965393, 0.6800472140312195, -0.12909767031669617, 0.3552866578102112, 0.6554983258247375, -0.16329015791416168, 0.3773376941680908, 0.7313780784606934, -0.16073393821716309, 0.391701340675354, 0.789848268032074, -0.1519668996334076,super victory
0.399053692817688, 0.9501190781593323, -1.3516927577228444e-09, 0.47659704089164734, 0.9016627073287964, -0.03763549402356148, 0.5273244976997375, 0.799472987651825, -0.07735906541347504, 0.4915769100189209, 0.7128603458404541, -0.12405778467655182, 0.4342150092124939, 0.6747201085090637, -0.16700126230716705, 0.5208675861358643, 0.611994743347168, -0.031099585816264153, 0.5770807862281799, 0.48878157138824463, -0.07542553544044495, 0.6113759875297546, 0.41332733631134033, -0.10419173538684845, 0.6365195512771606, 0.34926319122314453, -0.12708507478237152, 0.45274412631988525, 0.5953769087791443, -0.056320905685424805, 0.4499020576477051, 0.4237799048423767, -0.10653036832809448, 0.444795697927475, 0.3226139545440674, -0.13659746944904327, 0.4379361867904663, 0.2398393750190735, -0.15853580832481384, 0.3912631869316101, 0.6263110041618347, -0.0900224894285202, 0.39918550848960876, 0.5697265267372131, -0.1405479907989502, 0.4139364957809448, 0.6638868451118469, -0.1404688060283661, 0.41816574335098267, 0.7311729192733765, -0.13085094094276428, 0.33804935216903687, 0.6845394372940063, -0.13325875997543335, 0.35875529050827026, 0.6564366817474365, -0.16647958755493164, 0.3811394274234772, 0.7272564768791199, -0.163064643740654, 0.3938831686973572, 0.7831758260726929, -0.15435469150543213,super victory
0.3971063196659088, 0.9534847736358643, -1.9448018750978235e-09, 0.47598543763160706, 0.9056701064109802, -0.036878906190395355, 0.5287840962409973, 0.8021723628044128, -0.07582563906908035, 0.4915817081928253, 0.712800145149231, -0.12266438454389572, 0.4344936013221741, 0.6740872263908386, -0.1653343290090561, 0.5203743577003479, 0.6121448278427124, -0.020958876237273216, 0.5774679780006409, 0.49017035961151123, -0.06415880471467972, 0.6109366416931152, 0.41437071561813354, -0.0927056148648262, 0.6349999308586121, 0.35092684626579285, -0.11549893766641617, 0.4529564678668976, 0.5957018136978149, -0.04717593640089035, 0.4509291648864746, 0.4265340566635132, -0.09772676974534988, 0.44597265124320984, 0.3230651021003723, -0.129680797457695, 0.4390545189380646, 0.2387164831161499, -0.15198135375976562, 0.39104196429252625, 0.6254891753196716, -0.08247146755456924, 0.3963414430618286, 0.5787453055381775, -0.13510912656784058, 0.4091688096523285, 0.6778291463851929, -0.13622593879699707, 0.41364187002182007, 0.7463172674179077, -0.1257699579000473, 0.33693623542785645, 0.6816622614860535, -0.12747517228126526, 0.3556936979293823, 0.6537981629371643, -0.16193120181560516, 0.3765263855457306, 0.7321102023124695, -0.15807391703128815, 0.39008599519729614, 0.7936853766441345, -0.14798597991466522,super victory
0.3969357907772064, 0.9543749094009399, -1.2671580451595332e-09, 0.47570258378982544, 0.9058821201324463, -0.035156361758708954, 0.5285818576812744, 0.8024892807006836, -0.07410984486341476, 0.491046667098999, 0.7140902876853943, -0.12126632779836655, 0.433564692735672, 0.6767662167549133, -0.16421449184417725, 0.5199480056762695, 0.6112267971038818, -0.020333344116806984, 0.577427864074707, 0.48956745862960815, -0.06293774396181107, 0.6104170680046082, 0.41431885957717896, -0.09069310128688812, 0.6340926885604858, 0.350614458322525, -0.11297646909952164, 0.4523320198059082, 0.594894528388977, -0.047545935958623886, 0.4517918825149536, 0.4253779649734497, -0.09665001928806305, 0.44699686765670776, 0.32256966829299927, -0.12671662867069244, 0.43989431858062744, 0.2380138337612152, -0.14794513583183289, 0.3905683755874634, 0.6254785656929016, -0.08374853432178497, 0.3971715569496155, 0.5719659328460693, -0.13531365990638733, 0.4093046188354492, 0.6694616079330444, -0.13499633967876434, 0.4126303493976593, 0.737251877784729, -0.12395139783620834, 0.33700793981552124, 0.6830574870109558, -0.12943363189697266, 0.3585541248321533, 0.6519886255264282, -0.1628592312335968, 0.37897083163261414, 0.7302009463310242, -0.15768827497959137, 0.3911353647708893, 0.7921071648597717, -0.14699721336364746,super victory
0.39474910497665405, 0.9596665501594543, 8.558190822682832e-10, 0.474422812461853, 0.9096153974533081, -0.032450996339321136, 0.5277424454689026, 0.8086552023887634, -0.0699920728802681, 0.49350425601005554, 0.7203866243362427, -0.11545955389738083, 0.43439823389053345, 0.6826366782188416, -0.1569073647260666, 0.5182250738143921, 0.6187723278999329, -0.019203653559088707, 0.5750999450683594, 0.496625691652298, -0.06013099476695061, 0.608814537525177, 0.42078810930252075, -0.08739069104194641, 0.6334345936775208, 0.355779230594635, -0.10980238020420074, 0.4511059522628784, 0.6008719801902771, -0.04671589285135269, 0.45062217116355896, 0.42912524938583374, -0.09283410757780075, 0.4471701979637146, 0.32627788186073303, -0.12196130305528641, 0.44129547476768494, 0.24340254068374634, -0.14384551346302032, 0.389382004737854, 0.6303325295448303, -0.08260833472013474, 0.3936987817287445, 0.5623153448104858, -0.13190631568431854, 0.40687230229377747, 0.656589686870575, -0.13204288482666016, 0.4123789668083191, 0.7255574464797974, -0.12290387600660324, 0.3349222242832184, 0.6883195638656616, -0.12745346128940582, 0.3556963801383972, 0.6539376378059387, -0.1607770472764969, 0.37539178133010864, 0.7337666749954224, -0.15605424344539642, 0.3872580826282501, 0.7995138168334961, -0.14639951288700104,super victory
0.3928278982639313, 0.95972740650177, 4.132517383848011e-10, 0.4726931154727936, 0.9108853340148926, -0.032734569162130356, 0.5272072553634644, 0.8134948015213013, -0.07135681807994843, 0.4958626329898834, 0.7254005670547485, -0.11787527799606323, 0.4371826648712158, 0.6857431530952454, -0.16013704240322113, 0.5174232125282288, 0.6196136474609375, -0.018912987783551216, 0.5746605396270752, 0.4973681569099426, -0.05974014848470688, 0.6086359620094299, 0.42221003770828247, -0.08654376864433289, 0.6336917281150818, 0.3567863404750824, -0.10877355933189392, 0.45140719413757324, 0.6013326644897461, -0.04673268646001816, 0.45080921053886414, 0.42868053913116455, -0.09284274280071259, 0.44712674617767334, 0.32569238543510437, -0.12107165902853012, 0.4411354064941406, 0.2416324019432068, -0.14226527512073517, 0.3902367055416107, 0.6305316090583801, -0.08304110914468765, 0.3956463932991028, 0.5567370057106018, -0.13347460329532623, 0.4079001247882843, 0.6519832611083984, -0.13279779255390167, 0.41237056255340576, 0.7204786539077759, -0.12286947667598724, 0.33615806698799133, 0.68992018699646, -0.12817464768886566, 0.35897547006607056, 0.6505851745605469, -0.16264212131500244, 0.377923846244812, 0.7325097322463989, -0.1572032868862152, 0.38833948969841003, 0.8001708984375, -0.146834596991539,super victory
0.3932282328605652, 0.9614955186843872, -5.442851169767948e-10, 0.47608843445777893, 0.9158854484558105, -0.042017363011837006, 0.526667058467865, 0.8279799222946167, -0.08617667108774185, 0.48682302236557007, 0.7488694190979004, -0.13645359873771667, 0.42310959100723267, 0.7093770503997803, -0.18275484442710876, 0.5204892158508301, 0.6287682056427002, -0.037539124488830566, 0.5749859809875488, 0.5079604387283325, -0.08419286459684372, 0.6065969467163086, 0.43132534623146057, -0.1175670400261879, 0.6286349892616272, 0.3652629256248474, -0.14365889132022858, 0.4545925557613373, 0.609716534614563, -0.06050584092736244, 0.45234614610671997, 0.436687707901001, -0.11265160143375397, 0.4490676522254944, 0.3339177072048187, -0.1477217674255371, 0.4440252482891083, 0.2526998817920685, -0.1734565943479538, 0.3935055732727051, 0.6377026438713074, -0.09106922149658203, 0.38550981879234314, 0.56267249584198, -0.14350219070911407, 0.3973304331302643, 0.6478185057640076, -0.14562319219112396, 0.4059988558292389, 0.7165921330451965, -0.13806983828544617, 0.3372715413570404, 0.6960679292678833, -0.13106410205364227, 0.34344232082366943, 0.6390138864517212, -0.16673745214939117, 0.3625696897506714, 0.7060849666595459, -0.16271279752254486, 0.37774547934532166, 0.7733004093170166, -0.15359379351139069,super victory
0.3944402039051056, 0.9598120450973511, 3.663635783635044e-10, 0.47642993927001953, 0.9149954915046692, -0.041810113936662674, 0.5266323685646057, 0.8285421133041382, -0.08696603775024414, 0.4877876043319702, 0.7511132955551147, -0.13836416602134705, 0.42663511633872986, 0.7079184651374817, -0.18623250722885132, 0.5212677717208862, 0.6299391984939575, -0.039088524878025055, 0.5741080641746521, 0.508619487285614, -0.08710839599370956, 0.6051342487335205, 0.43289196491241455, -0.12206414341926575, 0.6273962259292603, 0.36633554100990295, -0.14926177263259888, 0.4543435871601105, 0.6118617057800293, -0.061787817627191544, 0.4514821469783783, 0.43814852833747864, -0.11556672304868698, 0.4494296610355377, 0.3368507921695709, -0.15186502039432526, 0.44607144594192505, 0.2559777796268463, -0.17833714187145233, 0.39274048805236816, 0.6391417980194092, -0.09191188216209412, 0.3910093903541565, 0.5584775805473328, -0.14446578919887543, 0.40212202072143555, 0.6441799998283386, -0.14630132913589478, 0.4072771370410919, 0.7136104106903076, -0.13896876573562622, 0.33566173911094666, 0.6965006589889526, -0.13138844072818756, 0.34681615233421326, 0.6384643316268921, -0.16691672801971436, 0.36525946855545044, 0.7064886689186096, -0.16289736330509186, 0.37719547748565674, 0.7725701332092285, -0.15411098301410675,super victory
0.42341020703315735, 0.9587368965148926, 5.317615681121879e-09, 0.5005500912666321, 0.9197989702224731, -0.02475079894065857, 0.5592093467712402, 0.8241047859191895, -0.03790479525923729, 0.5774529576301575, 0.7219160795211792, -0.05605999752879143, 0.5701605081558228, 0.657339870929718, -0.07404739409685135, 0.518758237361908, 0.7246587872505188, 0.014460223726928234, 0.5436729192733765, 0.6437604427337646, -0.0036855845246464014, 0.5635539889335632, 0.5921812057495117, -0.023631954565644264, 0.577604353427887, 0.546775221824646, -0.042153749614953995, 0.47092404961586, 0.7039969563484192, 0.0005111379432491958, 0.4897822141647339, 0.6011797785758972, -0.028127308934926987, 0.5115014910697937, 0.543830156326294, -0.06449112296104431, 0.5285534858703613, 0.49530932307243347, -0.0918617844581604, 0.4170547127723694, 0.7030297517776489, -0.01983017660677433, 0.43376120924949646, 0.6094652414321899, -0.06136871129274368, 0.4548090100288391, 0.672025203704834, -0.08491447567939758, 0.46225038170814514, 0.7431614398956299, -0.09427101165056229, 0.35762643814086914, 0.7191267609596252, -0.044630978256464005, 0.3706679344177246, 0.6467906832695007, -0.07972218841314316, 0.39324527978897095, 0.6952179670333862, -0.0932677835226059, 0.4034784138202667, 0.7570651173591614, -0.09895956516265869,super victory
0.4018755257129669, 0.9915370345115662, 1.0641202585759402e-08, 0.5021116733551025, 0.914612889289856, -0.015823237597942352, 0.561127781867981, 0.8145018815994263, -0.028824348002672195, 0.5762315392494202, 0.7010305523872375, -0.051859475672245026, 0.5599130392074585, 0.6107321381568909, -0.07326541095972061, 0.5270847082138062, 0.6714298129081726, 0.04469132795929909, 0.5616241693496704, 0.5474256277084351, 0.029141472652554512, 0.5892199277877808, 0.4787442684173584, 0.006375177763402462, 0.6108859777450562, 0.41994163393974304, -0.014145025983452797, 0.4759904146194458, 0.6651049256324768, 0.023475440219044685, 0.48659995198249817, 0.5289309620857239, -0.0050644841976463795, 0.5001748204231262, 0.47760677337646484, -0.043984200805425644, 0.5061082243919373, 0.44848090410232544, -0.07063164561986923, 0.4182477593421936, 0.6792778372764587, -0.004785839468240738, 0.42891350388526917, 0.5913199186325073, -0.045173775404691696, 0.4535330832004547, 0.6728454828262329, -0.0669751986861229, 0.4652521014213562, 0.7520582675933838, -0.07335586100816727, 0.36014947295188904, 0.7120091915130615, -0.03860144689679146, 0.3746713697910309, 0.6380089521408081, -0.07095406949520111, 0.4032479524612427, 0.7011688351631165, -0.08114519715309143, 0.41783756017684937, 0.771579384803772, -0.08327316492795944,super victory
0.40503135323524475, 0.9815249443054199, 7.828008463661718e-09, 0.49910080432891846, 0.9137763977050781, -0.013318122364580631, 0.5601724982261658, 0.8088463544845581, -0.024917209520936012, 0.5726097822189331, 0.6982746720314026, -0.04779651388525963, 0.5629192590713501, 0.616472601890564, -0.06901468336582184, 0.5280483961105347, 0.6770192384719849, 0.04918297380208969, 0.5613263845443726, 0.55729740858078, 0.034433554857969284, 0.5875285863876343, 0.48871341347694397, 0.013830204494297504, 0.6086943745613098, 0.4248029589653015, -0.005948251578956842, 0.4769045114517212, 0.6662145853042603, 0.025747893378138542, 0.4916476607322693, 0.5348008871078491, -0.0005515847587957978, 0.5116252899169922, 0.466778039932251, -0.03704167529940605, 0.5238198041915894, 0.41251683235168457, -0.0629895031452179, 0.42020511627197266, 0.6773422360420227, -0.005552174523472786, 0.4352729022502899, 0.5924530625343323, -0.045732781291007996, 0.45875662565231323, 0.6711897850036621, -0.064323291182518, 0.46827974915504456, 0.743022620677948, -0.06810613721609116, 0.35952121019363403, 0.7052843570709229, -0.042366061359643936, 0.37678980827331543, 0.6354741454124451, -0.07498650252819061, 0.4034811556339264, 0.6994069814682007, -0.08327376842498779, 0.4162726104259491, 0.7674652934074402, -0.08335789293050766,super victory
